   42    2
    1   1.40000   0.00000
    2   0.00000   0.00000
    3   1.40000   1.40000
    4   0.00000   1.40000
    5   1.40000   2.80000
    6   0.00000   2.80000
    7   1.40000   4.20000
    8   0.00000   4.20000
    9   1.40000   5.60000
   10   0.00000   5.60000
   11   1.40000   7.00000
   12   0.00000   7.00000
   13   1.40000   8.40000
   14   0.00000   8.40000
   15   1.40000   9.80000
   16   0.00000   9.80000
   17   1.40000  11.20000
   18   0.00000  11.20000
   19   1.40000  12.60000
   20   0.00000  12.60000
   21   1.40000  14.00000
   22   0.00000  14.00000
   23   1.40000  15.40000
   24   0.00000  15.40000
   25   1.40000  16.80000
   26   0.00000  16.80000
   27   1.40000  18.20000
   28   0.00000  18.20000
   29   1.40000  19.60000
   30   0.00000  19.60000
   31   1.40000  21.00000
   32   0.00000  21.00000
   33   1.40000  22.40000
   34   0.00000  22.40000
   35   1.40000  23.80000
   36   0.00000  23.80000
   37   1.40000  25.20000
   38   0.00000  25.20000
   39   1.40000  26.60000
   40   0.00000  26.60000
   41   1.40000  28.00000
   42   0.00000  28.00000
   20
    1    1    4    1    2    4    3
    2    1    4    3    4    6    5
    3    1    4    5    6    8    7
    4    1    4    7    8   10    9
    5    1    4    9   10   12   11
    6    1    4   11   12   14   13
    7    1    4   13   14   16   15
    8    1    4   15   16   18   17
    9    1    4   17   18   20   19
   10    1    4   19   20   22   21
   11    1    4   21   22   24   23
   12    1    4   23   24   26   25
   13    1    4   25   26   28   27
   14    1    4   27   28   30   29
   15    1    4   29   30   32   31
   16    1    4   31   32   34   33
   17    1    4   33   34   36   35
   18    1    4   35   36   38   37
   19    1    4   37   38   40   39
   20    1    4   39   40   42   41
 0.0       0.490
 0.0       0.0135
 1.0       0.5
    2
    2    2    2    1    2
    3    2    2   42   41
    1
    0
   10 207.4074    1.0
