C***********************************************************************
C$SPLIT$DAT1P1$*********************************************************
C***********************************************************************
   10    2       NODAL GEOMETRY
    1   0.00000   1.00000   0.00000
    2   0.00000   0.00000   0.00000
    3   1.00000   1.00000   0.00000
    4   1.00000   0.00000   0.00000
    5   2.00000   1.00000   0.00000
    6   2.00000   0.00000   0.00000
    7   3.00000   1.00000   0.00000
    8   3.00000   0.00000   0.00000
    9   4.00000   1.00000   0.00000
   10   4.00000   0.00000   0.00000
    1    4    4
    1    2    1    3    4
    2    4    3    5    6
    3    6    5    7    8
    4    8    7    9   10
     0.3    6000000.          MATERIAL PROPERTIES
    2
    2                 NODE RESTRAINT INFO
    1    1    2
    2    1    2
    1       LOADING INFO
   10    0.0      -1.0
C***********************************************************************
C$SPLIT$DAT2P1$*********************************************************
C***********************************************************************
    8    2
    1   0.00000   0.00000   0.00000
    2   0.00000   1.00000   0.00000
    3   1.33333   0.00000   0.00000
    4   1.33333   1.00000   0.00000
    5   2.66667   0.00000   0.00000
    6   2.66667   1.00000   0.00000
    7   4.00000   0.00000   0.00000
    8   4.00000   1.00000   0.00000
    1    3    4
    1    1    2    4    3    0    0    0    0
    2    3    4    6    5    0    0    0    0
    3    5    6    8    7    0    0    0    0
       0.3  6000000.       1.0
    2
    2
    1    1    2
    2    1    2
    6
C***********************************************************************
C$SPLIT$DAT2P2$*********************************************************
C***********************************************************************
    8    2
    1   0.00000   0.00000
    2   0.00000   1.00000
    3   1.33333   0.00000
    4   1.33333   1.00000
    5   2.66667   0.00000
    6   2.66667   1.00000
    7   4.00000   0.00000
    8   4.00000   1.00000
    1    3    4
    1    1    2    4    3
    2    3    4    6    5
    3    5    6    8    7
   0.3        1.6D+6      1.0
   25     0.005     0.5
   13.04     1.0D-05
    2
    2
    1    1    2
    2    1    2
      1.0       50.0       0.0
   2
    8    0    1
    7    0    1
    8    2
C***********************************************************************
C$SPLIT$DAT2P3$*********************************************************
C***********************************************************************
    8    2
    1   0.00000   0.00000
    2   0.00000   1.00000
    3   1.33333   0.00000
    4   1.33333   1.00000
    5   2.66667   0.00000
    6   2.66667   1.00000
    7   4.00000   0.00000
    8   4.00000   1.00000
    1    3    4
    1    1    2    4    3    0    0    0    0
    2    3    4    6    5    0    0    0    0
    3    5    6    8    7    0    0    0    0
       0.3    1.6E+6       1.0
    2
    2
    1    1    2
    2    1    2
    6  0.05
   0.005     10
    2
    7    0    1
    8    0    1
   1.0         50.0
C***********************************************************************
C$SPLIT$DAT3P1$*********************************************************
C***********************************************************************
   24    2       GEOMETRY
    1   0.00000   5.00000
    2   1.00000   5.00000
    3   2.00000   5.00000
    4   3.00000   5.00000
    5   0.00000   4.00000
    6   1.00000   4.00000
    7   2.00000   4.00000
    8   3.00000   4.00000
    9   0.00000   3.00000
   10   1.00000   3.00000
   11   2.00000   3.00000
   12   3.00000   3.00000
   13   0.00000   2.00000
   14   1.00000   2.00000
   15   2.00000   2.00000
   16   3.00000   2.00000
   17   0.00000   1.00000
   18   1.00000   1.00000
   19   2.00000   1.00000
   20   3.00000   1.00000
   21   0.00000   0.00000
   22   1.00000   0.00000
   23   2.00000   0.00000
   24   3.00000   0.00000
    1   15    4
    1    5    1    2    6
    2    6    2    3    7
    3    7    3    4    8
    4    9    5    6   10
    5   10    6    7   11
    6   11    7    8   12
    7   13    9   10   14
    8   14   10   11   15
    9   15   11   12   16
   10   17   13   14   18
   11   18   14   15   19
   12   19   15   16   20
   13   21   17   18   22
   14   22   18   19   23
   15   23   19   20   24
       1.0       1.0
      10.0
    1
   16
    1     100.0
    2     100.0
    3     100.0
    4       0.0
    5     100.0
    8       0.0
    9     100.0
   12       0.0
   13     100.0
   16       0.0
   17     100.0
   20       0.0
   21       0.0
   22       0.0
   23       0.0
   24       0.0
C***********************************************************************
C$SPLIT$DAT3P2$*********************************************************
C***********************************************************************
   45    2
    1    0.0000    0.0000    0.0000
    2    0.0000    0.5000    0.0000
    3    0.0000    1.0000    0.0000
    4    0.0000    1.5000    0.0000
    5    0.0000    2.0000    0.0000
    6    0.6250    0.0000    0.0000
    7    0.5781    0.5000    0.0000
    8    0.5312    1.0000    0.0000
    9    0.4844    1.5000    0.0000
   10    0.4375    2.0000    0.0000
   11    1.2500    0.0000    0.0000
   12    1.1562    0.5000    0.0000
   13    1.0625    1.0000    0.0000
   14    0.9687    1.5000    0.0000
   15    0.8750    2.0000    0.0000
   16    1.8750    0.0000    0.0000
   17    1.7344    0.5000    0.0000
   18    1.5937    1.0000    0.0000
   19    1.4531    1.5000    0.0000
   20    1.3125    2.0000    0.0000
   21    2.5000    0.0000    0.0000
   22    2.3125    0.5000    0.0000
   23    2.1250    1.0000    0.0000
   24    1.9375    1.5000    0.0000
   25    1.7500    2.0000    0.0000
   26    2.6899    0.5863    0.0000
   27    2.5643    0.9397    0.0000
   28    2.4387    1.2931    0.0000
   29    2.3131    1.6466    0.0000
   30    2.1875    2.0000    0.0000
   31    3.0118    0.8728    0.0000
   32    2.9151    1.1546    0.0000
   33    2.8184    1.4364    0.0000
   34    2.7217    1.7182    0.0000
   35    2.6250    2.0000    0.0000
   36    3.2927    0.9783    0.0000
   37    3.2351    1.2337    0.0000
   38    3.1776    1.4891    0.0000
   39    3.1200    1.7446    0.0000
   40    3.0625    2.0000    0.0000
   41    3.5000    1.0000    0.0000
   42    3.5000    1.2500    0.0000
   43    3.5000    1.5000    0.0000
   44    3.5000    1.7500    0.0000
   45    3.5000    2.0000    0.0000
    1   32    4
    1    1    2    7    6
    2    2    3    8    7
    3    3    4    9    8
    4    4    5   10    9
    5    6    7   12   11
    6    7    8   13   12
    7    8    9   14   13
    8    9   10   15   14
    9   11   12   17   16
   10   12   13   18   17
   11   13   14   19   18
   12   14   15   20   19
   13   16   17   22   21
   14   17   18   23   22
   15   18   19   24   23
   16   19   20   25   24
   17   21   22   27   26
   18   22   23   28   27
   19   23   24   29   28
   20   24   25   30   29
   21   26   27   32   31
   22   27   28   33   32
   23   28   29   34   33
   24   29   30   35   34
   25   31   32   37   36
   26   32   33   38   37
   27   33   34   39   38
   28   34   35   40   39
   29   36   37   42   41
   30   37   38   43   42
   31   38   39   44   43
   32   39   40   45   44
    1
    2
    1    5    2   41   42   43   44   45
    2    5    2    1    2    3    4    5
C***********************************************************************
C$SPLIT$DAT4P1$*********************************************************
C***********************************************************************
   25    2
    1   0.00000   0.00000   0.00000
    2   0.00000   1.00000   0.00000
    3   0.00000   2.00000   0.00000
    4   0.00000   3.00000   0.00000
    5   0.00000   4.00000   0.00000
    6   1.00000   0.00000   0.00000
    7   1.00000   1.00000   0.00000
    8   1.00000   2.00000   0.00000
    9   1.00000   3.00000   0.00000
   10   1.00000   4.00000   0.00000
   11   2.00000   0.00000   0.00000
   12   2.00000   1.00000   0.00000
   13   2.00000   2.00000   0.00000
   14   2.00000   3.00000   0.00000
   15   2.00000   4.00000   0.00000
   16   3.00000   0.00000   0.00000
   17   3.00000   1.00000   0.00000
   18   3.00000   2.00000   0.00000
   19   3.00000   3.00000   0.00000
   20   3.00000   4.00000   0.00000
   21   4.00000   0.00000   0.00000
   22   4.00000   1.00000   0.00000
   23   4.00000   2.00000   0.00000
   24   4.00000   3.00000   0.00000
   25   4.00000   4.00000   0.00000
    1   16    4
    1    1    2    7    6    0    0    0    0
    2    2    3    8    7    0    0    0    0
    3    3    4    9    8    0    0    0    0
    4    4    5   10    9    0    0    0    0
    5    6    7   12   11    0    0    0    0
    6    7    8   13   12    0    0    0    0
    7    8    9   14   13    0    0    0    0
    8    9   10   15   14    0    0    0    0
    9   11   12   17   16    0    0    0    0
   10   12   13   18   17    0    0    0    0
   11   13   14   19   18    0    0    0    0
   12   14   15   20   19    0    0    0    0
   13   16   17   22   21    0    0    0    0
   14   17   18   23   22    0    0    0    0
   15   18   19   24   23    0    0    0    0
   16   19   20   25   24    0    0    0    0
       1.0       1.0
    1
    9
    1       0.0
    2       0.0
    3       0.0
    4       0.0
    5       0.0
   10       0.0
   15       0.0
   20       0.0
   25       0.0
   16
    6     100.0
    7     100.0
    8     100.0
    9     100.0
   11     100.0
   12     100.0
   13     100.0
   14     100.0
   16     100.0
   17     100.0
   18     100.0
   19     100.0
   21     100.0
   22     100.0
   23     100.0
   24     100.0
   20       0.2       0.5
