

 **** NODAL GEOMETRY ****

 
    45    2
     1   0.00000   0.00000
     2   0.00000   0.50000
     3   0.00000   1.00000
     4   0.00000   1.50000
     5   0.00000   2.00000
     6   0.62500   0.00000
     7   0.57810   0.50000
     8   0.53120   1.00000
     9   0.48440   1.50000
    10   0.43750   2.00000
    11   1.25000   0.00000
    12   1.15620   0.50000
    13   1.06250   1.00000
    14   0.96870   1.50000
    15   0.87500   2.00000
    16   1.87500   0.00000
    17   1.73440   0.50000
    18   1.59370   1.00000
    19   1.45310   1.50000
    20   1.31250   2.00000
    21   2.50000   0.00000
    22   2.31250   0.50000
    23   2.12500   1.00000
    24   1.93750   1.50000
    25   1.75000   2.00000
    26   2.68990   0.58630
    27   2.56430   0.93970
    28   2.43870   1.29310
    29   2.31310   1.64660
    30   2.18750   2.00000
    31   3.01180   0.87280
    32   2.91510   1.15460
    33   2.81840   1.43640
    34   2.72170   1.71820
    35   2.62500   2.00000
    36   3.29270   0.97830
    37   3.23510   1.23370
    38   3.17760   1.48910
    39   3.12000   1.74460
    40   3.06250   2.00000
    41   3.50000   1.00000
    42   3.50000   1.25000
    43   3.50000   1.50000
    44   3.50000   1.75000
    45   3.50000   2.00000


 **** ELEMENT TOPOLOGY ****

 
     1   32    4
     1    1    2    7    6
     2    2    3    8    7
     3    3    4    9    8
     4    4    5   10    9
     5    6    7   12   11
     6    7    8   13   12
     7    8    9   14   13
     8    9   10   15   14
     9   11   12   17   16
    10   12   13   18   17
    11   13   14   19   18
    12   14   15   20   19
    13   16   17   22   21
    14   17   18   23   22
    15   18   19   24   23
    16   19   20   25   24
    17   21   22   27   26
    18   22   23   28   27
    19   23   24   29   28
    20   24   25   30   29
    21   26   27   32   31
    22   27   28   33   32
    23   28   29   34   33
    24   29   30   35   34
    25   31   32   37   36
    26   32   33   38   37
    27   33   34   39   38
    28   34   35   40   39
    29   36   37   42   41
    30   37   38   43   42
    31   38   39   44   43
    32   39   40   45   44


 **** BOUNDARY CONDITIONS ****

 
     1
     2
     1    5    2   41   42   43   44   45
     2    5    2    1    2    3    4    5


 **** NODAL POTENTIALS ****

 

 NODE     VALUE     NODE     VALUE     NODE     VALUE     NODE     VALUE
 
    1  0.44475D+01     2  0.44441D+01     3  0.44354D+01     4  0.44260D+01
    5  0.44218D+01     6  0.38296D+01     7  0.38705D+01     8  0.39042D+01
    9  0.39384D+01    10  0.39805D+01    11  0.32348D+01    12  0.33100D+01
   13  0.33731D+01    14  0.34425D+01    15  0.35297D+01    16  0.26975D+01
   17  0.27819D+01    18  0.28390D+01    19  0.29300D+01    20  0.30633D+01
   21  0.24310D+01    22  0.23106D+01    23  0.22838D+01    24  0.23833D+01
   25  0.25709D+01    26  0.20116D+01    27  0.18346D+01    28  0.18190D+01
   29  0.19011D+01    30  0.20418D+01    31  0.12515D+01    32  0.11904D+01
   33  0.12274D+01    34  0.13156D+01    35  0.14420D+01    36  0.53893D+00
   37  0.55826D+00    38  0.60328D+00    39  0.66916D+00    40  0.75529D+00
   41  0.44299D-10    42  0.40365D-10    43  0.34706D-10    44  0.30941D-10
   45  0.28382D-10
