30.  0.  0.  20.  1.  1.e5  .3
49  7  7  176  4  
29
 15  0  0   23  0  0   38  0  0   46  0  0   61  0  0   69  0  0
 84  0  0   92  0  0  107  0  0  115  0  0  130  0  0  138  0  0
153  0  0  161  0  0  162  0  0  163  0  0  164  0  0  165  0  0
166  0  0  167  0  0  168  0  0  169  0  0  170  0  0  171  0  0
172  0  0  173  0  0  174  0  0  175  0  0  176  0  0
0.  0.25  0.5  1.0  1.5  2.5  3.5  5.0
0.  -.25  -.5  -.75  -1.  -1.25  -1.625  -2.
9
1  2  3  4  5  6  7  8  9   
2.e-5  35  0.001  50
