    8    2
    1   0.00000   0.00000
    2   0.00000   1.00000
    3   1.33333   0.00000
    4   1.33333   1.00000
    5   2.66667   0.00000
    6   2.66667   1.00000
    7   4.00000   0.00000
    8   4.00000   1.00000
    1    3    4
    1    1    2    4    3    0    0    0    0
    2    3    4    6    5    0    0    0    0
    3    5    6    8    7    0    0    0    0
       0.3    1.6E+6       1.0
    2
    2
    1    1    2
    2    1    2
    6  0.05
   0.005     10
    2
    7    0    1
    8    0    1
   1.0         50.0
