   12    2                            TOTNOD, DIMEN
    1   0.00000   0.00000
    2   0.00000   6.00000
    3   0.00000  10.00000
    4   4.00000   0.00000
    5   4.00000   6.00000
    6   4.00000  10.00000             NODNUM, (COORD(NODNUM,J),J=1,DIMEN)
    7  10.00000   0.00000
    8  10.00000   6.00000
    9  10.00000  10.00000
   10  30.00000   0.00000
   11  30.00000   6.00000
   12  30.00000  10.00000
    6                                 TOTELS
    1    1    4    1    4    5    2
    2    2    4    2    5    6    3
    3    1    4    4    7    8    5   ELNUM, MATTYP, NODEL,
    4    2    4    5    8    9    6   (ELTOP(ELNUM,J+2),J=1,NODEL)
    5    1    4    7   10   11    8
    6    2    4    8   11   12    9
    2                                 NUMMAT
  10.00000   1.00000                  (PROP(I,1),I=1,NUMMAT)
   0.45000   0.30000                  (PROP(I,2),I=1,NUMMAT)
    2                                 DOFNOD
    8                                 RESNOD
    1    1    2
    2    1
    3    1                            (RESTR(I,J),J=1,K)
    4    1    2
    7    1    2
   10    1    2
   11    1
   12    1
    1                                 NOLOAD
    0    2    3    9    6    3   BTYPE,NODSID,NUMNOD,(BDCND(I,J+3),J=1,NUMNOD)
   0.00000   1.00000                  (PRSSR(I,J),J=1,DOFNOD)
C***********************************************************************
