    8    2
    1   0.00000   0.00000
    2   0.00000   1.00000
    3   1.33333   0.00000
    4   1.33333   1.00000
    5   2.66667   0.00000
    6   2.66667   1.00000
    7   4.00000   0.00000
    8   4.00000   1.00000
    1    3    4
    1    1    2    4    3
    2    3    4    6    5
    3    5    6    8    7
   0.3        1.6D+6      1.0
   25     0.005     0.5
   13.04     1.0D-05
    2
    2
    1    1    2
    2    1    2
      1.0       50.0       0.0
   2
    8    0    1
    7    0    1
    8    2
