   30    2                  _TOTNOD, DIMEN
    1   0.00000   0.00000
    2   0.00000   0.10000
    3   0.00000   0.20000
    4   0.00000   0.30000
    5   0.00000   0.40000
    6   0.00000   0.50000
    7   0.10000   0.00000
    8   0.10000   0.10000
    9   0.10000   0.20000
   10   0.10000   0.30000
   11   0.10000   0.40000
   12   0.10000   0.50000
   13   0.20000   0.00000
   14   0.20000   0.10000
   15   0.20000   0.20000     NODNUM, (COORD(NODNUM,J),J=1,DIMEN)
   16   0.20000   0.30000
   17   0.20000   0.40000
   18   0.20000   0.50000
   19   0.30000   0.00000
   20   0.30000   0.10000
   21   0.30000   0.20000
   22   0.30000   0.30000
   23   0.30000   0.40000
   24   0.30000   0.50000
   25   0.40000   0.00000
   26   0.40000   0.10000
   27   0.40000   0.20000
   28   0.40000   0.30000
   29   0.40000   0.40000
   30   0.40000   0.50000
   20                          _TOTELS
    1    2    4    1    2    8    7
    2    2    4    2    3    9    8
    3    2    4    3    4   10    9
    4    1    4    4    5   11   10
    5    1    4    5    6   12   11
    6    1    4    7    8   14   13
    7    1    4    8    9   15   14
    8    1    4    9   10   16   15
    9    1    4   10   11   17   16
   10    1    4   11   12   18   17   _ELNUM, ELTYP, NODEL,
   11    1    4   13   14   20   19   _(ELTOP(ELNUM,J+2),J=1,NODEL)
   12    1    4   14   15   21   20
   13    1    4   15   16   22   21
   14    1    4   16   17   23   22
   15    1    4   17   18   24   23
   16    1    4   19   20   26   25
   17    1    4   20   21   27   26
   18    1    4   21   22   28   27
   19    1    4   22   23   29   28
   20    1    4   23   24   30   29
    50.000 0.100D 07     1.000 _FREQ, COND, PERM
    1                          _DOFNOD
    5                          _BNDNOD
    1   0.00000   0.00000
    7   0.00000   0.00000
   13   0.00000   0.00000      _(BNODE(I), BVAL(1,I),
   19   0.00000   0.00000      _     BVAL(2,I),I=1,BNDNOD)
   25   0.00000   0.00000
    1                          _NJV
   11 0.100D 07                _ELNUM, JVAL(ELNUM)
