   24    2       GEOMETRY
    1   0.00000   5.00000
    2   1.00000   5.00000
    3   2.00000   5.00000
    4   3.00000   5.00000
    5   0.00000   4.00000
    6   1.00000   4.00000
    7   2.00000   4.00000
    8   3.00000   4.00000
    9   0.00000   3.00000
   10   1.00000   3.00000
   11   2.00000   3.00000
   12   3.00000   3.00000
   13   0.00000   2.00000
   14   1.00000   2.00000
   15   2.00000   2.00000
   16   3.00000   2.00000
   17   0.00000   1.00000
   18   1.00000   1.00000
   19   2.00000   1.00000
   20   3.00000   1.00000
   21   0.00000   0.00000
   22   1.00000   0.00000
   23   2.00000   0.00000
   24   3.00000   0.00000
    1   15    4
    1    5    1    2    6
    2    6    2    3    7
    3    7    3    4    8
    4    9    5    6   10
    5   10    6    7   11
    6   11    7    8   12
    7   13    9   10   14
    8   14   10   11   15
    9   15   11   12   16
   10   17   13   14   18
   11   18   14   15   19
   12   19   15   16   20
   13   21   17   18   22
   14   22   18   19   23
   15   23   19   20   24
       1.0       1.0
      10.0
    1
   16
    1     100.0
    2     100.0
    3     100.0
    4       0.0
    5     100.0
    8       0.0
    9     100.0
   12       0.0
   13     100.0
   16       0.0
   17     100.0
   20       0.0
   21       0.0
   22       0.0
   23       0.0
   24       0.0
C***********************************************************************
