   24    2_TOTNOD, DIMEN
    1   0.10000   0.93930
    2   0.25000   0.93930
    3   0.50000   0.93930
    4   1.00000   0.93930
    5   1.50000   0.93930
    6   2.00000   0.93930
    7   0.10000   0.62620
    8   0.25000   0.62620
    9   0.50000   0.62620
   10   1.00000   0.62620
   11   1.50000   0.62620
   12   2.00000   0.62620_NODNUM,
   13   0.10000   0.31310_    (COORD(NODNUM,K),K=1,DIMEN)
   14   0.25000   0.31310
   15   0.50000   0.31310
   16   1.00000   0.31310
   17   1.50000   0.31310
   18   2.00000   0.31310
   19   0.10000   0.00000
   20   0.25000   0.00000
   21   0.50000   0.00000
   22   1.00000   0.00000
   23   1.50000   0.00000
   24   2.00000   0.00000
   15_TOTELS
    1    1    4    7    1    2    8
    2    1    4    8    2    3    9
    3    1    4    9    3    4   10
    4    1    4   10    4    5   11
    5    1    4   11    5    6   12
    6    1    4   13    7    8   14
    7    1    4   14    8    9   15_ELNUM, ELTYP, NODEL,
    8    1    4   15    9   10   16_    (ELTOP(ELNUM,J+2),J=1,NODEL)
    9    1    4   16   10   11   17
   10    1    4   17   11   12   18
   11    1    4   19   13   14   20
   12    1    4   20   14   15   21
   13    1    4   21   15   16   22
   14    1    4   22   16   17   23
   15    1    4   23   17   18   24
   1.00000   1.00000_(P(I,I),I=1,DIMEN)
    7_BNDNOD
    7   0.62620
   13   0.31310
   19   0.00000_(BNODE(I), BVAL(I), I=1,BNDNOD)
    6   0.93930
   12   0.93930
   18   0.93930
   24   0.93930
    6_NUMFRE
    1    2    3    4    5    6_(FRENOD(I),I=1,NUMFRE)
    2_NUMSEP
    7   13_(SEPNOD(I),I=1,NUMSEP)
   12   0.00010_MAXIT, CFACTR
