       1.0       1.0       6.0    0.05 
   78    2
    1   -7.0000   -1.0000    0.0000
    2   -7.0000   -0.7500    0.0000
    3   -5.0000   -1.0000    0.0000
    4   -7.0000   -0.5000    0.0000
    5   -5.0000   -0.5000    0.0000
    6   -7.0000   -0.2500    0.0000
    7   -7.0000    0.0000    0.0000
    8   -5.0000    0.0000    0.0000
    9   -3.0000   -6.0000    0.0000
   10   -2.0000   -7.0000    0.0000
   11   -3.0000   -7.0000    0.0000
   12   -1.0000   -6.0000    0.0000
   13   -1.0000   -7.0000    0.0000
   14    0.0000   -7.0000    0.0000
   15    1.0000   -6.0000    0.0000
   16    1.0000   -7.0000    0.0000
   17    3.0000   -6.0000    0.0000
   18    3.0000   -7.0000    0.0000
   19    2.0000   -7.0000    0.0000
   20   -3.0000   -0.7500    0.0000
   21   -3.0000   -1.0000    0.0000
   22   -3.0000   -0.5000    0.0000
   23   -3.0000    0.0000    0.0000
   24   -3.0000   -0.2500    0.0000
   25   -3.0000   -5.0000    0.0000
   26   -2.0000   -5.0000    0.0000
   27   -1.0000   -5.0000    0.0000
   28    0.0000   -5.0000    0.0000
   29    1.0000   -5.0000    0.0000
   30    2.0000   -5.0000    0.0000
   31    3.0000   -5.0000    0.0000
   32   -2.0000   -0.5000    0.0000
   33   -2.0000   -1.0000    0.0000
   34   -3.0000   -2.0000    0.0000
   35   -2.0000   -3.0000    0.0000
   36   -3.0000   -3.0000    0.0000
   37   -2.0000    0.0000    0.0000
   38   -3.0000   -4.0000    0.0000
   39   -1.0000   -4.0000    0.0000
   40    1.0000   -4.0000    0.0000
   41    3.0000   -4.0000    0.0000
   42   -1.0000   -0.7500    0.0000
   43   -1.0000   -0.5000    0.0000
   44   -1.0000   -1.0000    0.0000
   45   -1.0000   -2.0000    0.0000
   46   -1.0000   -3.0000    0.0000
   47   -1.0000    0.0000    0.0000
   48   -1.0000   -0.2500    0.0000
   49    0.0000   -3.0000    0.0000
   50    1.0000   -3.0000    0.0000
   51    2.0000   -3.0000    0.0000
   52    3.0000   -3.0000    0.0000
   53   -0.0000   -0.5000    0.0000
   54    0.0000   -1.0000    0.0000
   55    0.0000    0.0000    0.0000
   56    1.0000   -2.0000    0.0000
   57    3.0000   -2.0000    0.0000
   58    1.0000   -0.7500    0.0000
   59    1.0000   -0.5000    0.0000
   60    1.0000   -1.0000    0.0000
   61    1.0000    0.0000    0.0000
   62    1.0000   -0.2500    0.0000
   63    2.0000   -1.0000    0.0000
   64    3.0000   -1.0000    0.0000
   65    2.0000   -0.5000    0.0000
   66    3.0000   -0.7500    0.0000
   67    2.0000    0.0000    0.0000
   68    7.0000   -0.7500    0.0000
   69    7.0000   -1.0000    0.0000
   70    5.0000   -1.0000    0.0000
   71    3.0000   -0.5000    0.0000
   72    3.0000    0.0000    0.0000
   73    3.0000   -0.2500    0.0000
   74    5.0000   -0.5000    0.0000
   75    7.0000   -0.5000    0.0000
   76    7.0000    0.0000    0.0000
   77    7.0000   -0.2500    0.0000
   78    5.0000    0.0000    0.0000
   19
    1    2    8    1    2    4    5   22   20   21    3
    2    2    8    4    6    7    8   23   24   22    5
    3    2    8   21   20   22   32   43   42   44   33
    4    2    8   22   24   23   37   47   48   43   32
    5    2    8   44   42   43   53   59   58   60   54
    6    2    8   43   48   47   55   61   62   59   53
    7    2    8   60   58   59   65   71   66   64   63
    8    2    8   59   62   61   67   72   73   71   65
    9    2    8   64   66   71   74   75   68   69   70
   10    2    8   71   73   72   78   76   77   75   74
   11    2    8   21   33   44   45   46   35   36   34
   12    2    8   44   54   60   56   50   49   46   45
   13    2    8   60   63   64   57   52   51   50   56
   14    2    8   36   35   46   39   27   26   25   38
   15    2    8   46   49   50   40   29   28   27   39
   16    2    8   50   51   52   41   31   30   29   40
   17    2    8   25   26   27   12   13   10   11    9
   18    2    8   27   28   29   15   16   14   13   12
   19    2    8   29   30   31   17   18   19   16   15
   74
    1    1     0.0
    1    3     0.0
    3    1     0.0
    3    3     0.0
   21    1     0.0
   21    3     0.0
   34    1     0.0
   34    3     0.0
   36    1     0.0
   36    3     0.0
   38    1     0.0
   38    3     0.0
   25    1     0.0
   25    3     0.0
    9    1     0.0
    9    3     0.0
   11    1     0.0
   11    3     0.0
   10    1     0.0
   10    3     0.0
   13    1     0.0
   13    3     0.0
   14    1     0.0
   14    3     0.0
   16    1     0.0
   16    3     0.0
   19    1     0.0
   19    3     0.0
   18    1     0.0
   18    3     0.0
   17    1     0.0
   17    3     0.0
   31    1     0.0
   31    3     0.0
   41    1     0.0
   41    3     0.0
   52    1     0.0
   52    3     0.0
   57    1     0.0
   57    3     0.0
   64    1     0.0
   64    3     0.0
   70    1     0.0
   70    3     0.0
   69    1     0.0
   69    3     0.0
    7    1     1.0
    7    3     0.0
    8    1     1.0
    8    3     0.0
   23    1     1.0
   23    3     0.0
   37    1     1.0
   37    3     0.0
   47    1     1.0
   47    3     0.0
   55    1     1.0
   55    3     0.0
   61    1     1.0
   61    3     0.0
   67    1     1.0
   67    3     0.0
   72    1     1.0
   72    3     0.0
   78    1     1.0
   78    3     0.0
   76    1     1.0
   76    3     0.0
    1    2     0.0
    4    2     0.0
    7    2     0.0
   69    2     0.0
   75    2     0.0
   76    2     0.0
  100    0.01     0.5
    0 
