

Nodal Geometry

Number of nodes =  24
Dimension      =   2

   Node         x1            x2
 
     1       0.0000D+00    0.5000D+01  
     2       0.1000D+01    0.5000D+01  
     3       0.2000D+01    0.5000D+01  
     4       0.3000D+01    0.5000D+01  
     5       0.0000D+00    0.4000D+01  
     6       0.1000D+01    0.4000D+01  
     7       0.2000D+01    0.4000D+01  
     8       0.3000D+01    0.4000D+01  
     9       0.0000D+00    0.3000D+01  
    10       0.1000D+01    0.3000D+01  
    11       0.2000D+01    0.3000D+01  
    12       0.3000D+01    0.3000D+01  
    13       0.0000D+00    0.2000D+01  
    14       0.1000D+01    0.2000D+01  
    15       0.2000D+01    0.2000D+01  
    16       0.3000D+01    0.2000D+01  
    17       0.0000D+00    0.1000D+01  
    18       0.1000D+01    0.1000D+01  
    19       0.2000D+01    0.1000D+01  
    20       0.3000D+01    0.1000D+01  
    21       0.0000D+00    0.0000D+00  
    22       0.1000D+01    0.0000D+00  
    23       0.2000D+01    0.0000D+00  
    24       0.3000D+01    0.0000D+00  


Element Topology


Numer of elements =  15

   Elem    Eltyp    Nodel    Nodes
 
      1      1         4       5     1     2     6  
      2      1         4       6     2     3     7  
      3      1         4       7     3     4     8  
      4      1         4       9     5     6    10  
      5      1         4      10     6     7    11  
      6      1         4      11     7     8    12  
      7      1         4      13     9    10    14  
      8      1         4      14    10    11    15  
      9      1         4      15    11    12    16  
     10      1         4      17    13    14    18  
     11      1         4      18    14    15    19  
     12      1         4      19    15    16    20  
     13      1         4      21    17    18    22  
     14      1         4      22    18    19    23  
     15      1         4      23    19    20    24  

Permeabilities
   1.00000   1.00000

Source Strength
  10.00000

Degrees of freedom per node (DOFNOD)
    1

Boundary Conditions
   16
    1 100.00000
    2 100.00000
    3 100.00000
    4   0.00000
    5 100.00000
    8   0.00000
    9 100.00000
   12   0.00000
   13 100.00000
   16   0.00000
   17 100.00000
   20   0.00000
   21   0.00000
   22   0.00000
   23   0.00000
   24   0.00000

Nodal Potentials

 NODE     VALUE     NODE     VALUE     NODE     VALUE     NODE     VALUE     
 
    1  0.10000D+03     2  0.10000D+03     3  0.10000D+03     4  0.49258D-08  
    5  0.10000D+03     6  0.81850D+02     7  0.48516D+02     8  0.46248D-08  
    9  0.10000D+03    10  0.69808D+02    11  0.36474D+02    12  0.28534D-08  
   13  0.10000D+03    14  0.62477D+02    15  0.29144D+02    16  0.20738D-08  
   17  0.10000D+03    18  0.39557D+02    19  0.17335D+02    20  0.11620D-08  
   21  0.44778D-08    22  0.39223D-08    23  0.14223D-08    24  0.86674D-09  
