C***********************************************************************
C$SPLIT$RES2P2$*********************************************************
C***********************************************************************


 **** NODAL GEOMETRY ****


     8    2
     1   0.00000   0.00000
     2   0.00000   1.00000
     3   1.33333   0.00000
     4   1.33333   1.00000
     5   2.66667   0.00000
     6   2.66667   1.00000
     7   4.00000   0.00000
     8   4.00000   1.00000


 **** ELEMENT TOPOLOGY ****


     1    3    4
     1    1    2    4    3
     2    3    4    6    5
     3    5    6    8    7


 **** MATERIAL PROPERTIES ****


  0.300D 00 0.160D 07 0.100D 01
    25   0.00500   0.50000
  0.130D 02 0.100D-04


 **** RESTRAINT DATA ****


     2
     2
     1    1    2
     2    1    2
  0.100D 01 0.500D 02 0.000D 00
     2
     8    0    1
     7    0    1
     8    2
1RESULTS FOR NODE     8  FREEDOM 2






                                             '              "
               T              V              V              V


            0.500D-02      0.278D-04      0.111D-01      0.445D 01
            0.100D-01      0.828D-04      0.109D-01     -0.454D 01
            0.150D-01      0.143D-03      0.134D-01      0.552D 01
            0.200D-01      0.203D-03      0.105D-01     -0.666D 01
            0.250D-01      0.229D-03     -0.110D-03      0.242D 01
            0.300D-01      0.198D-03     -0.122D-01     -0.724D 01
            0.350D-01      0.125D-03     -0.172D-01      0.522D 01
            0.400D-01      0.216D-04     -0.241D-01     -0.798D 01
            0.450D-01     -0.109D-03     -0.283D-01      0.632D 01
            0.500D-01     -0.229D-03     -0.194D-01     -0.276D 01
            0.550D-01     -0.306D-03     -0.118D-01      0.581D 01
            0.600D-01     -0.348D-03     -0.467D-02     -0.298D 01
            0.650D-01     -0.338D-03      0.853D-02      0.825D 01
            0.700D-01     -0.274D-03      0.168D-01     -0.493D 01
            0.750D-01     -0.187D-03      0.182D-01      0.548D 01
            0.800D-01     -0.955D-04      0.184D-01     -0.540D 01
            0.850D-01     -0.498D-05      0.178D-01      0.517D 01
            0.900D-01      0.631D-04      0.939D-02     -0.855D 01
            0.950D-01      0.926D-04      0.242D-02      0.577D 01
            0.100D 00      0.105D-03      0.257D-02     -0.571D 01
            0.105D 00      0.104D-03     -0.310D-02      0.344D 01
            0.110D 00      0.886D-04     -0.293D-02     -0.338D 01
            0.115D 00      0.858D-04      0.180D-02      0.527D 01
            0.120D 00      0.102D-03      0.449D-02     -0.419D 01
            0.125D 00      0.125D-03      0.491D-02      0.436D 01
