

 **** NODAL GEOMETRY ****

 
    10    2
     1   0.00000   1.00000
     2   0.00000   0.00000
     3   1.00000   1.00000
     4   1.00000   0.00000
     5   2.00000   1.00000
     6   2.00000   0.00000
     7   3.00000   1.00000
     8   3.00000   0.00000
     9   4.00000   1.00000
    10   4.00000   0.00000


 **** ELEMENT TOPOLOGY ****

 
     1    4    4
     1    2    1    3    4
     2    4    3    5    6
     3    6    5    7    8
     4    8    7    9   10


 **** MATERIAL PROPERTIES ****

 
    0.30000 0.600E+07


 **** RESTRAINT DATA ****

 
     2
     2
     1    1    2
     2    1    2


 **** LOADING DATA ****

 
     1
    10   0.00000  -1.00000


 **** VECTOR OF LOADS ****

 

 NODE      VALUE         VALUE         NODE      VALUE         VALUE
 
    1  0.00000D+00   0.00000D+00          2  0.00000D+00   0.00000D+00
    3  0.00000D+00   0.00000D+00          4  0.00000D+00   0.00000D+00
    5  0.00000D+00   0.00000D+00          6  0.00000D+00   0.00000D+00
    7  0.00000D+00   0.00000D+00          8  0.00000D+00   0.00000D+00
    9  0.00000D+00   0.00000D+00         10  0.00000D+00  -0.10000D+01


 **** EQUILIBRIUM DISPLACEMENTS (U,V) ****

 

 NODE      VALUE         VALUE         NODE      VALUE         VALUE
 
    1  0.00000D+00   0.00000D+00          2  0.00000D+00   0.00000D+00
    3  0.20224D-05  -0.24560D-05          4 -0.20220D-05  -0.24551D-05
    5  0.34659D-05  -0.83751D-05          6 -0.34675D-05  -0.83804D-05
    7  0.43386D-05  -0.16628D-04          8 -0.43281D-05  -0.16594D-04
    9  0.45898D-05  -0.25895D-04         10 -0.46547D-05  -0.26105D-04


 **** STRAINS AND STRESSES FOR ELEMENT   1 ****

 

 QUADRATURE POINT   1
 
  -0.1167D-05 -0.1756D-09 -0.1601D-05
  -0.9429D+01 -0.4042D+01 -0.3694D+01

 QUADRATURE POINT   2
 
   0.1168D-05 -0.1756D-09 -0.1601D-05
   0.9431D+01  0.4041D+01 -0.3695D+01

 QUADRATURE POINT   3
 
   0.1168D-05 -0.6554D-09  0.7340D-06
   0.9429D+01  0.4037D+01  0.1694D+01

 QUADRATURE POINT   4
 
  -0.1167D-05 -0.6554D-09  0.7344D-06
  -0.9431D+01 -0.4046D+01  0.1695D+01


 **** STRAINS AND STRESSES FOR ELEMENT   2 ****

 

 QUADRATURE POINT   1
 
  -0.8349D-06  0.4722D-09 -0.1269D-05
  -0.6742D+01 -0.2886D+01 -0.2929D+01

 QUADRATURE POINT   2
 
   0.8330D-06  0.4722D-09 -0.1266D-05
   0.6730D+01  0.2887D+01 -0.2920D+01

 QUADRATURE POINT   3
 
   0.8330D-06  0.4033D-08  0.4024D-06
   0.6742D+01  0.2916D+01  0.9286D+00

 QUADRATURE POINT   4
 
  -0.8349D-06  0.4033D-08  0.3988D-06
  -0.6730D+01 -0.2858D+01  0.9204D+00


 **** STRAINS AND STRESSES FOR ELEMENT   3 ****

 

 QUADRATURE POINT   1
 
  -0.4944D-06 -0.2856D-08 -0.9225D-06
  -0.4003D+01 -0.1734D+01 -0.2129D+01

 QUADRATURE POINT   2
 
   0.5064D-06 -0.2856D-08 -0.9449D-06
   0.4080D+01  0.1730D+01 -0.2181D+01

 QUADRATURE POINT   3
 
   0.5064D-06 -0.2524D-07  0.5585D-07
   0.4003D+01  0.1549D+01  0.1289D+00

 QUADRATURE POINT   4
 
  -0.4944D-06 -0.2524D-07  0.7823D-07
  -0.4080D+01 -0.1915D+01  0.1805D+00


 **** STRAINS AND STRESSES FOR ELEMENT   4 ****

 

 QUADRATURE POINT   1
 
  -0.2045D-06  0.1787D-07 -0.6702D-06
  -0.1590D+01 -0.5635D+00 -0.1547D+01

 QUADRATURE POINT   2
 
   0.1291D-06  0.1787D-07 -0.5300D-06
   0.1105D+01  0.5912D+00 -0.1223D+01

 QUADRATURE POINT   3
 
   0.1291D-06  0.1580D-06 -0.1965D-06
   0.1590D+01  0.1723D+01 -0.4534D+00

 QUADRATURE POINT   4
 
  -0.2045D-06  0.1580D-06 -0.3366D-06
  -0.1105D+01  0.5685D+00 -0.7768D+00
