

 **** NODAL GEOMETRY ****
 
    24    2
     1   0.10000   0.93930
     2   0.25000   0.93930
     3   0.50000   0.93930
     4   1.00000   0.93930
     5   1.50000   0.93930
     6   2.00000   0.93930
     7   0.10000   0.62620
     8   0.25000   0.62620
     9   0.50000   0.62620
    10   1.00000   0.62620
    11   1.50000   0.62620
    12   2.00000   0.62620
    13   0.10000   0.31310
    14   0.25000   0.31310
    15   0.50000   0.31310
    16   1.00000   0.31310
    17   1.50000   0.31310
    18   2.00000   0.31310
    19   0.10000   0.00000
    20   0.25000   0.00000
    21   0.50000   0.00000
    22   1.00000   0.00000
    23   1.50000   0.00000
    24   2.00000   0.00000


 **** ELEMENT TOPOLOGY ****
 
    15
     1    1    4    7    1    2    8
     2    1    4    8    2    3    9
     3    1    4    9    3    4   10
     4    1    4   10    4    5   11
     5    1    4   11    5    6   12
     6    1    4   13    7    8   14
     7    1    4   14    8    9   15
     8    1    4   15    9   10   16
     9    1    4   16   10   11   17
    10    1    4   17   11   12   18
    11    1    4   19   13   14   20
    12    1    4   20   14   15   21
    13    1    4   21   15   16   22
    14    1    4   22   16   17   23
    15    1    4   23   17   18   24


 **** PERMEABILITIES ****
 
    1.00000   1.00000


 **** BOUNDARY CONDITIONS ****
 
     7
     7   0.62620
    13   0.31310
    19   0.00000
     6   0.93930
    12   0.93930
    18   0.93930
    24   0.93930


 **** FREE SURFACE NODES ****
 
     6
     1    2    3    4    5    6


 **** SEEPAGE BOUNDARY NODES ****
 
     2
     7   13

 MAXIMUM NUMBER OF ITERATIONS =    12
 CONVERGENCE CRITERION =    0.00010

 SEMI-BANDWIDTH =     8

 FREE SURFACE ITERATION NO.    1
 AVERAGE SURFACE MOVEMENT =   0.16837

 NODE     VALUE     NODE     VALUE     NODE     VALUE     NODE     VALUE
 
    1  0.70124D+00     2  0.70525D+00     3  0.73762D+00     4  0.82150D+00
    5  0.88906D+00     6  0.93930D+00     7  0.62620D+00     8  0.65645D+00
    9  0.71945D+00    10  0.81961D+00    11  0.88889D+00    12  0.93930D+00
   13  0.31310D+00    14  0.52167D+00    15  0.68088D+00    16  0.81606D+00
   17  0.88853D+00    18  0.93930D+00    19  0.50871D-10    20  0.42907D+00
   21  0.66062D+00    22  0.81438D+00    23  0.88834D+00    24  0.93930D+00

 FREE SURFACE ITERATION NO.    2
 AVERAGE SURFACE MOVEMENT =   0.04095

 NODE     VALUE     NODE     VALUE     NODE     VALUE     NODE     VALUE
 
    1  0.61029D+00     2  0.62778D+00     3  0.70863D+00     4  0.82389D+00
    5  0.89400D+00     6  0.93930D+00     7  0.50717D+00     8  0.59125D+00
    9  0.69391D+00    10  0.81760D+00    11  0.89072D+00    12  0.93930D+00
   13  0.25358D+00    14  0.49200D+00    15  0.67219D+00    16  0.81287D+00
   17  0.88844D+00    18  0.93930D+00    19  0.49440D-10    20  0.43072D+00
   21  0.65205D+00    22  0.81116D+00    23  0.88773D+00    24  0.93930D+00

 FREE SURFACE ITERATION NO.    3
 AVERAGE SURFACE MOVEMENT =   0.01116

 NODE     VALUE     NODE     VALUE     NODE     VALUE     NODE     VALUE
 
    1  0.58135D+00     2  0.61187D+00     3  0.71484D+00     4  0.82774D+00
    5  0.89488D+00     6  0.93930D+00     7  0.43194D+00     8  0.56832D+00
    9  0.69754D+00    10  0.82041D+00    11  0.89177D+00    12  0.93930D+00
   13  0.25358D+00    14  0.49290D+00    15  0.67341D+00    16  0.81503D+00
   17  0.88943D+00    18  0.93930D+00    19  0.49536D-10    20  0.43147D+00
   21  0.65346D+00    22  0.81285D+00    23  0.88870D+00    24  0.93930D+00

 FREE SURFACE ITERATION NO.    4
 AVERAGE SURFACE MOVEMENT =   0.00444

 NODE     VALUE     NODE     VALUE     NODE     VALUE     NODE     VALUE
 
    1  0.56338D+00     2  0.61212D+00     3  0.71851D+00     4  0.82800D+00
    5  0.89492D+00     6  0.93930D+00     7  0.43194D+00     8  0.56931D+00
    9  0.69927D+00    10  0.82102D+00    11  0.89189D+00    12  0.93930D+00
   13  0.25358D+00    14  0.49358D+00    15  0.67446D+00    16  0.81564D+00
   17  0.88963D+00    18  0.93930D+00    19  0.49607D-10    20  0.43201D+00
   21  0.65425D+00    22  0.81343D+00    23  0.88892D+00    24  0.93930D+00

 FREE SURFACE ITERATION NO.    5
 AVERAGE SURFACE MOVEMENT =   0.00268

 NODE     VALUE     NODE     VALUE     NODE     VALUE     NODE     VALUE
 
    1  0.55395D+00     2  0.61510D+00     3  0.71943D+00     4  0.82798D+00
    5  0.89497D+00     6  0.93930D+00     7  0.43194D+00     8  0.57020D+00
    9  0.69997D+00    10  0.82116D+00    11  0.89193D+00    12  0.93930D+00
   13  0.25358D+00    14  0.49394D+00    15  0.67494D+00    16  0.81584D+00
   17  0.88970D+00    18  0.93930D+00    19  0.49642D-10    20  0.43226D+00
   21  0.65460D+00    22  0.81364D+00    23  0.88899D+00    24  0.93930D+00

 FREE SURFACE ITERATION NO.    6
 AVERAGE SURFACE MOVEMENT =   0.00136

 NODE     VALUE     NODE     VALUE     NODE     VALUE     NODE     VALUE
 
    1  0.54940D+00     2  0.61725D+00     3  0.71947D+00     4  0.82801D+00
    5  0.89498D+00     6  0.93930D+00     7  0.43194D+00     8  0.57064D+00
    9  0.70024D+00    10  0.82119D+00    11  0.89195D+00    12  0.93930D+00
   13  0.25358D+00    14  0.49410D+00    15  0.67513D+00    16  0.81590D+00
   17  0.88972D+00    18  0.93930D+00    19  0.49657D-10    20  0.43236D+00
   21  0.65473D+00    22  0.81372D+00    23  0.88901D+00    24  0.93930D+00

 FREE SURFACE ITERATION NO.    7
 AVERAGE SURFACE MOVEMENT =   0.00068

 NODE     VALUE     NODE     VALUE     NODE     VALUE     NODE     VALUE
 
    1  0.54729D+00     2  0.61841D+00     3  0.71938D+00     4  0.82804D+00
    5  0.89499D+00     6  0.93930D+00     7  0.43194D+00     8  0.57083D+00
    9  0.70034D+00    10  0.82120D+00    11  0.89196D+00    12  0.93930D+00
   13  0.25358D+00    14  0.49417D+00    15  0.67521D+00    16  0.81593D+00
   17  0.88972D+00    18  0.93930D+00    19  0.49663D-10    20  0.43240D+00
   21  0.65479D+00    22  0.81375D+00    23  0.88902D+00    24  0.93930D+00

 FREE SURFACE ITERATION NO.    8
 AVERAGE SURFACE MOVEMENT =   0.00032

 NODE     VALUE     NODE     VALUE     NODE     VALUE     NODE     VALUE
 
    1  0.54632D+00     2  0.61896D+00     3  0.71931D+00     4  0.82806D+00
    5  0.89499D+00     6  0.93930D+00     7  0.43194D+00     8  0.57091D+00
    9  0.70039D+00    10  0.82120D+00    11  0.89196D+00    12  0.93930D+00
   13  0.25358D+00    14  0.49420D+00    15  0.67524D+00    16  0.81594D+00
   17  0.88973D+00    18  0.93930D+00    19  0.49666D-10    20  0.43241D+00
   21  0.65481D+00    22  0.81376D+00    23  0.88903D+00    24  0.93930D+00

 FREE SURFACE ITERATION NO.    9
 AVERAGE SURFACE MOVEMENT =   0.00015

 NODE     VALUE     NODE     VALUE     NODE     VALUE     NODE     VALUE
 
    1  0.54587D+00     2  0.61921D+00     3  0.71928D+00     4  0.82808D+00
    5  0.89499D+00     6  0.93930D+00     7  0.43194D+00     8  0.57094D+00
    9  0.70040D+00    10  0.82120D+00    11  0.89196D+00    12  0.93930D+00
   13  0.25358D+00    14  0.49421D+00    15  0.67525D+00    16  0.81594D+00
   17  0.88973D+00    18  0.93930D+00    19  0.49667D-10    20  0.43242D+00
   21  0.65482D+00    22  0.81376D+00    23  0.88903D+00    24  0.93930D+00

 FREE SURFACE ITERATION NO.   10
 AVERAGE SURFACE MOVEMENT =   0.00007

 NODE     VALUE     NODE     VALUE     NODE     VALUE     NODE     VALUE
 
    1  0.54566D+00     2  0.61933D+00     3  0.71926D+00     4  0.82808D+00
    5  0.89499D+00     6  0.93930D+00     7  0.43194D+00     8  0.57096D+00
    9  0.70041D+00    10  0.82120D+00    11  0.89196D+00    12  0.93930D+00
   13  0.25358D+00    14  0.49421D+00    15  0.67526D+00    16  0.81594D+00
   17  0.88973D+00    18  0.93930D+00    19  0.49667D-10    20  0.43242D+00
   21  0.65482D+00    22  0.81377D+00    23  0.88903D+00    24  0.93930D+00


 **** FINAL NODAL GEOMETRY ****
 
     1   0.10000   0.54566
     2   0.25000   0.61933
     3   0.50000   0.71926
     4   1.00000   0.82808
     5   1.50000   0.89499
     6   2.00000   0.93930
     7   0.10000   0.43194
     8   0.25000   0.44119
     9   0.50000   0.52536
    10   1.00000   0.56730
    11   1.50000   0.62620
    12   2.00000   0.62620
    13   0.10000   0.25358
    14   0.25000   0.25459
    15   0.50000   0.31310
    16   1.00000   0.31310
    17   1.50000   0.31310
    18   2.00000   0.31310
    19   0.10000   0.00000
    20   0.25000   0.00000
    21   0.50000   0.00000
    22   1.00000   0.00000
    23   1.50000   0.00000
    24   2.00000   0.00000
