

 **** NODAL GEOMETRY ****
 
    42    2
     1   1.40000   0.00000
     2   0.00000   0.00000
     3   1.40000   1.40000
     4   0.00000   1.40000
     5   1.40000   2.80000
     6   0.00000   2.80000
     7   1.40000   4.20000
     8   0.00000   4.20000
     9   1.40000   5.60000
    10   0.00000   5.60000
    11   1.40000   7.00000
    12   0.00000   7.00000
    13   1.40000   8.40000
    14   0.00000   8.40000
    15   1.40000   9.80000
    16   0.00000   9.80000
    17   1.40000  11.20000
    18   0.00000  11.20000
    19   1.40000  12.60000
    20   0.00000  12.60000
    21   1.40000  14.00000
    22   0.00000  14.00000
    23   1.40000  15.40000
    24   0.00000  15.40000
    25   1.40000  16.80000
    26   0.00000  16.80000
    27   1.40000  18.20000
    28   0.00000  18.20000
    29   1.40000  19.60000
    30   0.00000  19.60000
    31   1.40000  21.00000
    32   0.00000  21.00000
    33   1.40000  22.40000
    34   0.00000  22.40000
    35   1.40000  23.80000
    36   0.00000  23.80000
    37   1.40000  25.20000
    38   0.00000  25.20000
    39   1.40000  26.60000
    40   0.00000  26.60000
    41   1.40000  28.00000
    42   0.00000  28.00000


 **** ELEMENT TOPOLOGY ****
 
    20
     1    1    4    1    2    4    3
     2    1    4    3    4    6    5
     3    1    4    5    6    8    7
     4    1    4    7    8   10    9
     5    1    4    9   10   12   11
     6    1    4   11   12   14   13
     7    1    4   13   14   16   15
     8    1    4   15   16   18   17
     9    1    4   17   18   20   19
    10    1    4   19   20   22   21
    11    1    4   21   22   24   23
    12    1    4   23   24   26   25
    13    1    4   25   26   28   27
    14    1    4   27   28   30   29
    15    1    4   29   30   32   31
    16    1    4   31   32   34   33
    17    1    4   33   34   36   35
    18    1    4   35   36   38   37
    19    1    4   37   38   40   39
    20    1    4   39   40   42   41


 **** PERMEABILITIES ****
 
  0.000D+00 0.490D+00


 **** CONVECTION VELOCITIES
 
  0.000D+00 0.135D-01


 **** BOUNDARY CONDITIONS ****
 
  0.100D+01 0.500D+00
     2
     2    2    2    1    2
     3    2    2   42   41
     1


 **** INITIAL CONDITIONS ****
 
     0


 **** TIME STEPPING DATA ****
 
    10 207.40740   1.00000


 NODAL CONCENTRATIONS FOR TIME STEP     1

 NODE     VALUE     NODE     VALUE     NODE     VALUE     NODE     VALUE
 
    1  0.32023D+00     2  0.32023D+00     3  0.28393D+00     4  0.28393D+00
    5  0.25180D+00     6  0.25180D+00     7  0.22337D+00     8  0.22337D+00
    9  0.19822D+00    10  0.19822D+00    11  0.17599D+00    12  0.17599D+00
   13  0.15636D+00    14  0.15636D+00    15  0.13904D+00    16  0.13904D+00
   17  0.12378D+00    18  0.12378D+00    19  0.11036D+00    20  0.11036D+00
   21  0.98584D-01    22  0.98584D-01    23  0.88290D-01    24  0.88290D-01
   25  0.79332D-01    26  0.79332D-01    27  0.71586D-01    28  0.71586D-01
   29  0.64946D-01    30  0.64946D-01    31  0.59326D-01    32  0.59326D-01
   33  0.54655D-01    34  0.54655D-01    35  0.50877D-01    36  0.50877D-01
   37  0.47955D-01    38  0.47955D-01    39  0.45863D-01    40  0.45863D-01
   41  0.44593D-01    42  0.44593D-01


 NODAL CONCENTRATIONS FOR TIME STEP     2

 NODE     VALUE     NODE     VALUE     NODE     VALUE     NODE     VALUE
 
    1  0.50657D+00     2  0.50657D+00     3  0.46906D+00     4  0.46906D+00
    5  0.43372D+00     6  0.43372D+00     7  0.40056D+00     8  0.40056D+00
    9  0.36958D+00    10  0.36958D+00    11  0.34074D+00    12  0.34074D+00
   13  0.31401D+00    14  0.31401D+00    15  0.28933D+00    16  0.28933D+00
   17  0.26663D+00    18  0.26663D+00    19  0.24585D+00    20  0.24585D+00
   21  0.22692D+00    22  0.22692D+00    23  0.20976D+00    24  0.20976D+00
   25  0.19433D+00    26  0.19433D+00    27  0.18054D+00    28  0.18054D+00
   29  0.16836D+00    30  0.16836D+00    31  0.15774D+00    32  0.15774D+00
   33  0.14864D+00    34  0.14864D+00    35  0.14102D+00    36  0.14102D+00
   37  0.13489D+00    38  0.13489D+00    39  0.13022D+00    40  0.13022D+00
   41  0.12703D+00    42  0.12703D+00


 NODAL CONCENTRATIONS FOR TIME STEP     3

 NODE     VALUE     NODE     VALUE     NODE     VALUE     NODE     VALUE
 
    1  0.66303D+00     2  0.66303D+00     3  0.62524D+00     4  0.62524D+00
    5  0.58903D+00     6  0.58903D+00     7  0.55445D+00     8  0.55445D+00
    9  0.52153D+00    10  0.52153D+00    11  0.49031D+00    12  0.49031D+00
   13  0.46080D+00    14  0.46080D+00    15  0.43301D+00    16  0.43301D+00
   17  0.40695D+00    18  0.40695D+00    19  0.38263D+00    20  0.38263D+00
   21  0.36004D+00    22  0.36004D+00    23  0.33918D+00    24  0.33918D+00
   25  0.32004D+00    26  0.32004D+00    27  0.30262D+00    28  0.30262D+00
   29  0.28692D+00    30  0.28692D+00    31  0.27294D+00    32  0.27294D+00
   33  0.26067D+00    34  0.26067D+00    35  0.25012D+00    36  0.25012D+00
   37  0.24130D+00    38  0.24130D+00    39  0.23423D+00    40  0.23423D+00
   41  0.22893D+00    42  0.22893D+00


 NODAL CONCENTRATIONS FOR TIME STEP     4

 NODE     VALUE     NODE     VALUE     NODE     VALUE     NODE     VALUE
 
    1  0.80654D+00     2  0.80654D+00     3  0.76862D+00     4  0.76862D+00
    5  0.73203D+00     6  0.73203D+00     7  0.69681D+00     8  0.69681D+00
    9  0.66300D+00    10  0.66300D+00    11  0.63065D+00    12  0.63065D+00
   13  0.59978D+00    14  0.59978D+00    15  0.57043D+00    16  0.57043D+00
   17  0.54263D+00    18  0.54263D+00    19  0.51640D+00    20  0.51640D+00
   21  0.49177D+00    22  0.49177D+00    23  0.46876D+00    24  0.46876D+00
   25  0.44739D+00    26  0.44739D+00    27  0.42769D+00    28  0.42769D+00
   29  0.40967D+00    30  0.40967D+00    31  0.39336D+00    32  0.39336D+00
   33  0.37878D+00    34  0.37878D+00    35  0.36594D+00    36  0.36594D+00
   37  0.35488D+00    38  0.35488D+00    39  0.34561D+00    40  0.34561D+00
   41  0.33817D+00    42  0.33817D+00


 NODAL CONCENTRATIONS FOR TIME STEP     5

 NODE     VALUE     NODE     VALUE     NODE     VALUE     NODE     VALUE
 
    1  0.94261D+00     2  0.94261D+00     3  0.90462D+00     4  0.90462D+00
    5  0.86781D+00     6  0.86781D+00     7  0.83222D+00     8  0.83222D+00
    9  0.79789D+00    10  0.79789D+00    11  0.76486D+00    12  0.76486D+00
   13  0.73318D+00    14  0.73318D+00    15  0.70287D+00    16  0.70287D+00
   17  0.67397D+00    18  0.67397D+00    19  0.64652D+00    20  0.64652D+00
   21  0.62055D+00    22  0.62055D+00    23  0.59608D+00    24  0.59608D+00
   25  0.57316D+00    26  0.57316D+00    27  0.55181D+00    28  0.55181D+00
   29  0.53206D+00    30  0.53206D+00    31  0.51394D+00    32  0.51394D+00
   33  0.49748D+00    34  0.49748D+00    35  0.48271D+00    36  0.48271D+00
   37  0.46965D+00    38  0.46965D+00    39  0.45833D+00    40  0.45833D+00
   41  0.44879D+00    42  0.44879D+00


 NODAL CONCENTRATIONS FOR TIME STEP     6

 NODE     VALUE     NODE     VALUE     NODE     VALUE     NODE     VALUE
 
    1  0.10734D+01     2  0.10734D+01     3  0.10354D+01     4  0.10354D+01
    5  0.99843D+00     6  0.99843D+00     7  0.96257D+00     8  0.96257D+00
    9  0.92787D+00    10  0.92787D+00    11  0.89436D+00    12  0.89436D+00
   13  0.86208D+00    14  0.86208D+00    15  0.83106D+00    16  0.83106D+00
   17  0.80134D+00    18  0.80134D+00    19  0.77296D+00    20  0.77296D+00
   21  0.74595D+00    22  0.74595D+00    23  0.72034D+00    24  0.72034D+00
   25  0.69617D+00    26  0.69617D+00    27  0.67347D+00    28  0.67347D+00
   29  0.65226D+00    30  0.65226D+00    31  0.63259D+00    32  0.63259D+00
   33  0.61447D+00    34  0.61447D+00    35  0.59794D+00    36  0.59794D+00
   37  0.58303D+00    38  0.58303D+00    39  0.56976D+00    40  0.56976D+00
   41  0.55815D+00    42  0.55815D+00


 NODAL CONCENTRATIONS FOR TIME STEP     7

 NODE     VALUE     NODE     VALUE     NODE     VALUE     NODE     VALUE
 
    1  0.12000D+01     2  0.12000D+01     3  0.11619D+01     4  0.11619D+01
    5  0.11248D+01     6  0.11248D+01     7  0.10887D+01     8  0.10887D+01
    9  0.10537D+01    10  0.10537D+01    11  0.10198D+01    12  0.10198D+01
   13  0.98701D+00    14  0.98701D+00    15  0.95539D+00    16  0.95539D+00
   17  0.92498D+00    18  0.92498D+00    19  0.89581D+00    20  0.89581D+00
   21  0.86790D+00    22  0.86790D+00    23  0.84129D+00    24  0.84129D+00
   25  0.81601D+00    26  0.81601D+00    27  0.79209D+00    28  0.79209D+00
   29  0.76957D+00    30  0.76957D+00    31  0.74847D+00    32  0.74847D+00
   33  0.72881D+00    34  0.72881D+00    35  0.71064D+00    36  0.71064D+00
   37  0.69396D+00    38  0.69396D+00    39  0.67880D+00    40  0.67880D+00
   41  0.66520D+00    42  0.66520D+00


 NODAL CONCENTRATIONS FOR TIME STEP     8

 NODE     VALUE     NODE     VALUE     NODE     VALUE     NODE     VALUE
 
    1  0.13226D+01     2  0.13226D+01     3  0.12845D+01     4  0.12845D+01
    5  0.12473D+01     6  0.12473D+01     7  0.12110D+01     8  0.12110D+01
    9  0.11758D+01    10  0.11758D+01    11  0.11415D+01    12  0.11415D+01
   13  0.11082D+01    14  0.11082D+01    15  0.10761D+01    16  0.10761D+01
   17  0.10450D+01    18  0.10450D+01    19  0.10151D+01    20  0.10151D+01
   21  0.98641D+00    22  0.98641D+00    23  0.95888D+00    24  0.95888D+00
   25  0.93257D+00    26  0.93257D+00    27  0.90752D+00    28  0.90752D+00
   29  0.88376D+00    30  0.88376D+00    31  0.86130D+00    32  0.86130D+00
   33  0.84019D+00    34  0.84019D+00    35  0.82043D+00    36  0.82043D+00
   37  0.80205D+00    38  0.80205D+00    39  0.78507D+00    40  0.78507D+00
   41  0.76952D+00    42  0.76952D+00


 NODAL CONCENTRATIONS FOR TIME STEP     9

 NODE     VALUE     NODE     VALUE     NODE     VALUE     NODE     VALUE
 
    1  0.14417D+01     2  0.14417D+01     3  0.14036D+01     4  0.14036D+01
    5  0.13662D+01     6  0.13662D+01     7  0.13298D+01     8  0.13298D+01
    9  0.12942D+01    10  0.12942D+01    11  0.12596D+01    12  0.12596D+01
   13  0.12260D+01    14  0.12260D+01    15  0.11933D+01    16  0.11933D+01
   17  0.11617D+01    18  0.11617D+01    19  0.11311D+01    20  0.11311D+01
   21  0.11016D+01    22  0.11016D+01    23  0.10731D+01    24  0.10731D+01
   25  0.10459D+01    26  0.10459D+01    27  0.10197D+01    28  0.10197D+01
   29  0.99478D+00    30  0.99478D+00    31  0.97103D+00    32  0.97103D+00
   33  0.94850D+00    34  0.94850D+00    35  0.92721D+00    36  0.92721D+00
   37  0.90719D+00    38  0.90719D+00    39  0.88845D+00    40  0.88845D+00
   41  0.87101D+00    42  0.87101D+00


 NODAL CONCENTRATIONS FOR TIME STEP    10

 NODE     VALUE     NODE     VALUE     NODE     VALUE     NODE     VALUE
 
    1  0.15574D+01     2  0.15574D+01     3  0.15192D+01     4  0.15192D+01
    5  0.14817D+01     6  0.14817D+01     7  0.14451D+01     8  0.14451D+01
    9  0.14093D+01    10  0.14093D+01    11  0.13744D+01    12  0.13744D+01
   13  0.13403D+01    14  0.13403D+01    15  0.13072D+01    16  0.13072D+01
   17  0.12750D+01    18  0.12750D+01    19  0.12437D+01    20  0.12437D+01
   21  0.12134D+01    22  0.12134D+01    23  0.11842D+01    24  0.11842D+01
   25  0.11559D+01    26  0.11559D+01    27  0.11288D+01    28  0.11288D+01
   29  0.11027D+01    30  0.11027D+01    31  0.10777D+01    32  0.10777D+01
   33  0.10538D+01    34  0.10538D+01    35  0.10310D+01    36  0.10310D+01
   37  0.10094D+01    38  0.10094D+01    39  0.98894D+00    40  0.98894D+00
   41  0.96965D+00    42  0.96965D+00
