

 **** NODAL GEOMETRY ****
 
    12    2
     1   0.00000   0.00000
     2   0.00000   6.00000
     3   0.00000  10.00000
     4   4.00000   0.00000
     5   4.00000   6.00000
     6   4.00000  10.00000
     7  10.00000   0.00000
     8  10.00000   6.00000
     9  10.00000  10.00000
    10  30.00000   0.00000
    11  30.00000   6.00000
    12  30.00000  10.00000


 **** ELEMENT TOPOLOGY ****
 
     6
     1    1    4    1    4    5    2
     2    2    4    2    5    6    3
     3    1    4    4    7    8    5
     4    2    4    5    8    9    6
     5    1    4    7   10   11    8
     6    2    4    8   11   12    9


 **** MATERIAL PROPERTIES ****
 

 NUMBER OF MATERIAL TYPES =   2
   10.00000   1.00000
    0.45000   0.30000


 **** RESTRAINT DATA ****
 
     2
     8
     1    1    2
     2    1    0
     3    1    0
     4    1    2
     7    1    2
    10    1    2
    11    1    0
    12    1    0


 **** LOADING DATA ****
 
     1
     0    2    3    9    6    3
    0.00000   1.00000


 **** VECTOR OF LOADS ****
 

 NODE      VALUE         VALUE         NODE      VALUE         VALUE
 
    1  0.00000D+00   0.00000D+00          2  0.00000D+00   0.00000D+00
    3  0.00000D+00   0.16755D+02          4  0.00000D+00   0.00000D+00
    5  0.00000D+00   0.00000D+00          6  0.00000D+00   0.14661D+03
    7  0.00000D+00   0.00000D+00          8  0.00000D+00   0.00000D+00
    9  0.00000D+00   0.15080D+03         10  0.00000D+00   0.00000D+00
   11  0.00000D+00   0.00000D+00         12  0.00000D+00   0.00000D+00


 **** EQUILIBRIUM DISPLACEMENTS (U,V) ****
 

 NODE      VALUE         VALUE         NODE      VALUE         VALUE
 
    1  0.00000D+00   0.00000D+00          2  0.00000D+00   0.32387D+00
    3  0.00000D+00   0.31772D+01          4  0.00000D+00   0.00000D+00
    5 -0.11711D+00   0.25031D+00          6 -0.13997D+00   0.39914D+01
    7  0.00000D+00   0.00000D+00          8 -0.13386D+00   0.44290D-01
    9 -0.17121D+00   0.60474D+00         10  0.00000D+00   0.00000D+00
   11  0.00000D+00  -0.31027D-01         12  0.00000D+00  -0.25897D+00


 **** STRAINS AND STRESSES FOR ELEMENT   1 ****
 

 QUADRATURE POINT   1
 
  -0.6187D-02  0.5139D-01 -0.8011D-02 -0.6187D-02
   0.1775D-01  0.6204D-01 -0.3081D-02  0.1775D-01

 QUADRATURE POINT   2
 
  -0.6187D-02  0.4431D-01 -0.1928D-01 -0.6187D-02
   0.1366D-01  0.5251D-01 -0.7415D-02  0.1366D-01

 QUADRATURE POINT   3
 
  -0.2309D-01  0.4431D-01 -0.2990D-01 -0.2309D-01
  -0.1884D-01  0.3300D-01 -0.1150D-01 -0.1884D-01

 QUADRATURE POINT   4
 
  -0.2309D-01  0.5139D-01 -0.1863D-01 -0.2309D-01
  -0.1476D-01  0.4253D-01 -0.7165D-02 -0.1476D-01


 **** STRAINS AND STRESSES FOR ELEMENT   2 ****
 

 QUADRATURE POINT   1
 
  -0.3048D-01  0.7602D+00  0.2730D-01 -0.3048D-01
   0.3800D+00  0.9882D+00  0.1050D-01  0.3800D+00

 QUADRATURE POINT   2
 
  -0.3048D-01  0.8884D+00  0.2400D-01 -0.3048D-01
   0.4539D+00  0.1161D+01  0.9231D-02  0.4539D+00

 QUADRATURE POINT   3
 
  -0.3379D-01  0.8884D+00  0.1521D+00 -0.3379D-01
   0.4475D+00  0.1157D+01  0.5851D-01  0.4475D+00

 QUADRATURE POINT   4
 
  -0.3379D-01  0.7602D+00  0.1554D+00 -0.3379D-01
   0.3736D+00  0.9844D+00  0.5978D-01  0.3736D+00


 **** STRAINS AND STRESSES FOR ELEMENT   3 ****
 

 QUADRATURE POINT   1
 
  -0.5902D-03  0.3446D-01 -0.2736D-01 -0.4840D-02
   0.1630D-01  0.4326D-01 -0.1052D-01  0.1303D-01

 QUADRATURE POINT   2
 
  -0.5902D-03  0.1464D-01 -0.2898D-01 -0.3154D-02
   0.5831D-02  0.1754D-01 -0.1114D-01  0.3859D-02

 QUADRATURE POINT   3
 
  -0.2202D-02  0.1464D-01 -0.4880D-01 -0.1177D-01
  -0.1311D-02  0.1164D-01 -0.1877D-01 -0.8671D-02

 QUADRATURE POINT   4
 
  -0.2202D-02  0.3446D-01 -0.4719D-01 -0.1806D-01
   0.6496D-02  0.3470D-01 -0.1815D-01 -0.5704D-02


 **** STRAINS AND STRESSES FOR ELEMENT   4 ****
 

 QUADRATURE POINT   1
 
  -0.3303D-02  0.7672D+00 -0.1528D+00 -0.2394D-01
   0.4244D+00  0.1017D+01 -0.5879D-01  0.4085D+00

 QUADRATURE POINT   2
 
  -0.3303D-02  0.3081D+00 -0.1549D+00 -0.1575D-01
   0.1642D+00  0.4038D+00 -0.5959D-01  0.1547D+00

 QUADRATURE POINT   3
 
  -0.4696D-02  0.3081D+00 -0.4610D+00 -0.1802D-01
   0.1611D+00  0.4017D+00 -0.1773D+00  0.1508D+00

 QUADRATURE POINT   4
 
  -0.4696D-02  0.7672D+00 -0.4589D+00 -0.2678D-01
   0.4209D+00  0.1015D+01 -0.1765D+00  0.4039D+00


 **** STRAINS AND STRESSES FOR ELEMENT   5 ****
 

 QUADRATURE POINT   1
 
   0.1414D-02  0.4729D-02 -0.1839D-01 -0.1568D-02
   0.3727D-02  0.6277D-02 -0.7074D-02  0.1433D-02

 QUADRATURE POINT   2
 
   0.1414D-02 -0.2518D-02 -0.5511D-02 -0.2319D-03
   0.3173D-03 -0.2708D-02 -0.2119D-02 -0.9492D-03

 QUADRATURE POINT   3
 
   0.5279D-02 -0.2518D-02 -0.7685D-02 -0.8656D-03
   0.5154D-02 -0.8442D-03 -0.2956D-02  0.4272D-03

 QUADRATURE POINT   4
 
   0.5279D-02  0.4729D-02 -0.2057D-01 -0.5853D-02
   0.6458D-02  0.6035D-02 -0.7910D-02 -0.2105D-02


 **** STRAINS AND STRESSES FOR ELEMENT   6 ****
 

 QUADRATURE POINT   1
 
   0.7088D-02  0.9846D-01 -0.1946D-01 -0.7859D-02
   0.6181D-01  0.1321D+00 -0.7485D-02  0.5031D-01

 QUADRATURE POINT   2
 
   0.7088D-02 -0.1533D-01 -0.1407D-01 -0.1162D-02
   0.2379D-04 -0.1722D-01 -0.5411D-02 -0.6322D-02

 QUADRATURE POINT   3
 
   0.8166D-02 -0.1533D-01 -0.3683D-01 -0.1339D-02
   0.1373D-02 -0.1670D-01 -0.1416D-01 -0.5938D-02

 QUADRATURE POINT   4
 
   0.8166D-02  0.9846D-01 -0.4222D-01 -0.9054D-02
   0.6257D-01  0.1320D+00 -0.1624D-01  0.4933D-01
