

 **** NODAL GEOMETRY ****

 
    25    2
     1   0.00000   0.00000
     2   0.00000   1.00000
     3   0.00000   2.00000
     4   0.00000   3.00000
     5   0.00000   4.00000
     6   1.00000   0.00000
     7   1.00000   1.00000
     8   1.00000   2.00000
     9   1.00000   3.00000
    10   1.00000   4.00000
    11   2.00000   0.00000
    12   2.00000   1.00000
    13   2.00000   2.00000
    14   2.00000   3.00000
    15   2.00000   4.00000
    16   3.00000   0.00000
    17   3.00000   1.00000
    18   3.00000   2.00000
    19   3.00000   3.00000
    20   3.00000   4.00000
    21   4.00000   0.00000
    22   4.00000   1.00000
    23   4.00000   2.00000
    24   4.00000   3.00000
    25   4.00000   4.00000


 **** ELEMENT TOPOLOGY ****

 
     1   16    4
     1    1    2    7    6
     2    2    3    8    7
     3    3    4    9    8
     4    4    5   10    9
     5    6    7   12   11
     6    7    8   13   12
     7    8    9   14   13
     8    9   10   15   14
     9   11   12   17   16
    10   12   13   18   17
    11   13   14   19   18
    12   14   15   20   19
    13   16   17   22   21
    14   17   18   23   22
    15   18   19   24   23
    16   19   20   25   24


 **** PERMEABILITIES ****

 
    1.00000   1.00000


 **** BOUNDARY CONDITIONS ****

 
     1
     9
     1   0.00000
     2   0.00000
     3   0.00000
     4   0.00000
     5   0.00000
    10   0.00000
    15   0.00000
    20   0.00000
    25   0.00000


 **** INITIAL CONDITIONS ****

 
    16
     6 100.00000
     7 100.00000
     8 100.00000
     9 100.00000
    11 100.00000
    12 100.00000
    13 100.00000
    14 100.00000
    16 100.00000
    17 100.00000
    18 100.00000
    19 100.00000
    21 100.00000
    22 100.00000
    23 100.00000
    24 100.00000


 **** TIME STEPPING DATA ****

 
    20   0.20000   0.50000


 **** NODAL POTENTIALS FOR STEP   1  ****

 

 NODE     VALUE     NODE     VALUE     NODE     VALUE     NODE     VALUE
 
    1 -0.14409D-08     2 -0.14335D-08     3 -0.15068D-08     4 -0.11430D-08
    5  0.18081D-09     6  0.76815D+02     7  0.76626D+02     8  0.78486D+02
    9  0.57860D+02    10 -0.11430D-08    11  0.10182D+03    12  0.10165D+03
   13  0.10365D+03    14  0.78486D+02    15 -0.15068D-08    16  0.99881D+02
   17  0.99722D+02    18  0.10165D+03    19  0.76626D+02    20 -0.14335D-08
   21  0.10004D+03    22  0.99881D+02    23  0.10182D+03    24  0.76815D+02
   25 -0.14409D-08


 **** NODAL POTENTIALS FOR STEP   2  ****

 

 NODE     VALUE     NODE     VALUE     NODE     VALUE     NODE     VALUE
 
    1 -0.12176D-08     2 -0.12414D-08     3 -0.12031D-08     4 -0.82649D-09
    5  0.13207D-09     6  0.65072D+02     7  0.65879D+02     8  0.62725D+02
    9  0.42263D+02    10 -0.82649D-09    11  0.96193D+02    12  0.97174D+02
   13  0.92981D+02    14  0.62725D+02    15 -0.12031D-08    16  0.10058D+03
   17  0.10156D+03    18  0.97174D+02    19  0.65879D+02    20 -0.12414D-08
   21  0.99613D+02    22  0.10058D+03    23  0.96193D+02    24  0.65072D+02
   25 -0.12176D-08


 **** NODAL POTENTIALS FOR STEP   3  ****

 

 NODE     VALUE     NODE     VALUE     NODE     VALUE     NODE     VALUE
 
    1 -0.10900D-08     2 -0.10909D-08     3 -0.10046D-08     4 -0.64468D-09
    5  0.10380D-09     6  0.58079D+02     7  0.57761D+02     8  0.52421D+02
    9  0.33215D+02    10 -0.64468D-09    11  0.91223D+02    12  0.90823D+02
   13  0.82494D+02    14  0.52421D+02    15 -0.10046D-08    16  0.10031D+03
   17  0.99859D+02    18  0.90823D+02    19  0.57761D+02    20 -0.10909D-08
   21  0.10077D+03    22  0.10031D+03    23  0.91223D+02    24  0.58079D+02
   25 -0.10900D-08


 **** NODAL POTENTIALS FOR STEP   4  ****

 

 NODE     VALUE     NODE     VALUE     NODE     VALUE     NODE     VALUE
 
    1 -0.99211D-09     2 -0.97599D-09     3 -0.86010D-09     4 -0.52975D-09
    5  0.85716D-10     6  0.52724D+02     7  0.51595D+02     8  0.44963D+02
    9  0.27429D+02    10 -0.52975D-09    11  0.86250D+02    12  0.84417D+02
   13  0.73654D+02    14  0.44963D+02    15 -0.86010D-09    16  0.98743D+02
   17  0.96685D+02    18  0.84417D+02    19  0.51595D+02    20 -0.97599D-09
   21  0.10084D+03    22  0.98743D+02    23  0.86250D+02    24  0.52724D+02
   25 -0.99211D-09


 **** NODAL POTENTIALS FOR STEP   5  ****

 

 NODE     VALUE     NODE     VALUE     NODE     VALUE     NODE     VALUE
 
    1 -0.91105D-09     2 -0.88254D-09     3 -0.75217D-09     4 -0.44939D-09
    5  0.72990D-10     6  0.48306D+02     7  0.46608D+02     8  0.39383D+02
    9  0.23357D+02    10 -0.44939D-09    11  0.81323D+02    12  0.78491D+02
   13  0.66359D+02    14  0.39383D+02    15 -0.75217D-09    16  0.96100D+02
   17  0.92775D+02    18  0.78491D+02    19  0.46608D+02    20 -0.88254D-09
   21  0.99530D+02    22  0.96100D+02    23  0.81323D+02    24  0.48306D+02
   25 -0.91105D-09


 **** NODAL POTENTIALS FOR STEP   6  ****

 

 NODE     VALUE     NODE     VALUE     NODE     VALUE     NODE     VALUE
 
    1 -0.84065D-09     2 -0.80484D-09     3 -0.66838D-09     4 -0.39034D-09
    5  0.63584D-10     6  0.44498D+02     7  0.42474D+02     8  0.35042D+02
    9  0.20347D+02    10 -0.39034D-09    11  0.76559D+02    12  0.73090D+02
   13  0.60327D+02    14  0.35042D+02    15 -0.66838D-09    16  0.92696D+02
   17  0.88515D+02    18  0.73090D+02    19  0.42474D+02    20 -0.80484D-09
   21  0.97067D+02    22  0.92696D+02    23  0.76559D+02    24  0.44498D+02
   25 -0.84065D-09


 **** NODAL POTENTIALS FOR STEP   7  ****

 

 NODE     VALUE     NODE     VALUE     NODE     VALUE     NODE     VALUE
 
    1 -0.77857D-09     2 -0.73877D-09     3 -0.60151D-09     4 -0.34514D-09
    5  0.56352D-10     6  0.41159D+02     7  0.38967D+02     8  0.31569D+02
    9  0.18033D+02    10 -0.34514D-09    11  0.72006D+02    12  0.68182D+02
   13  0.55252D+02    14  0.31569D+02    15 -0.60151D-09    16  0.88817D+02
   17  0.84110D+02    18  0.68182D+02    19  0.38967D+02    20 -0.73877D-09
   21  0.93780D+02    22  0.88817D+02    23  0.72006D+02    24  0.41159D+02
   25 -0.77857D-09


 **** NODAL POTENTIALS FOR STEP   8  ****

 

 NODE     VALUE     NODE     VALUE     NODE     VALUE     NODE     VALUE
 
    1 -0.72319D-09     2 -0.68166D-09     3 -0.54672D-09     4 -0.30944D-09
    5  0.50616D-10     6  0.38195D+02     7  0.35941D+02     8  0.28717D+02
    9  0.16197D+02    10 -0.30944D-09    11  0.67689D+02    12  0.63700D+02
   13  0.50907D+02    14  0.28717D+02    15 -0.54672D-09    16  0.84675D+02
   17  0.79693D+02    18  0.63700D+02    19  0.35941D+02    20 -0.68166D-09
   21  0.89966D+02    22  0.84675D+02    23  0.67689D+02    24  0.38195D+02
   25 -0.72319D-09


 **** NODAL POTENTIALS FOR STEP   9  ****

 

 NODE     VALUE     NODE     VALUE     NODE     VALUE     NODE     VALUE
 
    1 -0.67339D-09     2 -0.63155D-09     3 -0.50078D-09     4 -0.28046D-09
    5  0.45940D-10     6  0.35539D+02     7  0.33289D+02     8  0.26321D+02
    9  0.14701D+02    10 -0.28046D-09    11  0.63611D+02    12  0.59588D+02
   13  0.47120D+02    14  0.26321D+02    15 -0.50078D-09    16  0.80428D+02
   17  0.75345D+02    18  0.59588D+02    19  0.33289D+02    20 -0.63155D-09
   21  0.85852D+02    22  0.80428D+02    23  0.63611D+02    24  0.35539D+02
   25 -0.67339D-09


 **** NODAL POTENTIALS FOR STEP  10  ****

 

 NODE     VALUE     NODE     VALUE     NODE     VALUE     NODE     VALUE
 
    1 -0.62824D-09     2 -0.58701D-09     3 -0.46146D-09     4 -0.25633D-09
    5  0.42035D-10     6  0.33139D+02     7  0.30935D+02     8  0.24266D+02
    9  0.13451D+02    10 -0.25633D-09    11  0.59770D+02    12  0.55797D+02
   13  0.43771D+02    14  0.24266D+02    15 -0.46146D-09    16  0.76183D+02
   17  0.71121D+02    18  0.55797D+02    19  0.30935D+02    20 -0.58701D-09
   21  0.81603D+02    22  0.76183D+02    23  0.59770D+02    24  0.33139D+02
   25 -0.62824D-09


 **** NODAL POTENTIALS FOR STEP  11  ****

 

 NODE     VALUE     NODE     VALUE     NODE     VALUE     NODE     VALUE
 
    1 -0.58704D-09     2 -0.54698D-09     3 -0.42718D-09     4 -0.23581D-09
    5  0.38704D-10     6  0.30953D+02     7  0.28821D+02     8  0.22472D+02
    9  0.12385D+02    10 -0.23581D-09    11  0.56155D+02    12  0.52287D+02
   13  0.40770D+02    14  0.22472D+02    15 -0.42718D-09    16  0.72013D+02
   17  0.67054D+02    18  0.52287D+02    19  0.28821D+02    20 -0.54698D-09
   21  0.77337D+02    22  0.72013D+02    23  0.56155D+02    24  0.30953D+02
   25 -0.58704D-09


 **** NODAL POTENTIALS FOR STEP  12  ****

 

 NODE     VALUE     NODE     VALUE     NODE     VALUE     NODE     VALUE
 
    1 -0.54922D-09     2 -0.51066D-09     3 -0.39685D-09     4 -0.21803D-09
    5  0.35808D-10     6  0.28951D+02     7  0.26904D+02     8  0.20882D+02
    9  0.11458D+02    10 -0.21803D-09    11  0.52756D+02    12  0.49027D+02
   13  0.38054D+02    14  0.20882D+02    15 -0.39685D-09    16  0.67965D+02
   17  0.63163D+02    18  0.49027D+02    19  0.26904D+02    20 -0.51066D-09
   21  0.73133D+02    22  0.67965D+02    23  0.52756D+02    24  0.28951D+02
   25 -0.54922D-09


 **** NODAL POTENTIALS FOR STEP  13  ****

 

 NODE     VALUE     NODE     VALUE     NODE     VALUE     NODE     VALUE
 
    1 -0.51433D-09     2 -0.47747D-09     3 -0.36967D-09     4 -0.20235D-09
    5  0.33251D-10     6  0.27106D+02     7  0.25153D+02     8  0.19456D+02
    9  0.10640D+02    10 -0.20235D-09    11  0.49562D+02    12  0.45992D+02
   13  0.35575D+02    14  0.19456D+02    15 -0.36967D-09    16  0.64072D+02
   17  0.59457D+02    18  0.45992D+02    19  0.25153D+02    20 -0.47747D-09
   21  0.69044D+02    22  0.64072D+02    23  0.49562D+02    24  0.27106D+02
   25 -0.51433D-09


 **** NODAL POTENTIALS FOR STEP  14  ****

 

 NODE     VALUE     NODE     VALUE     NODE     VALUE     NODE     VALUE
 
    1 -0.48202D-09     2 -0.44695D-09     3 -0.34506D-09     4 -0.18836D-09
    5  0.30963D-10     6  0.25399D+02     7  0.23543D+02     8  0.18164D+02
    9  0.99081D+01    10 -0.18836D-09    11  0.46560D+02    12  0.43159D+02
   13  0.33297D+02    14  0.18164D+02    15 -0.34506D-09    16  0.60348D+02
   17  0.55941D+02    18  0.43159D+02    19  0.23543D+02    20 -0.44695D-09
   21  0.65103D+02    22  0.60348D+02    23  0.46560D+02    24  0.25399D+02
   25 -0.48202D-09


 **** NODAL POTENTIALS FOR STEP  15  ****

 

 NODE     VALUE     NODE     VALUE     NODE     VALUE     NODE     VALUE
 
    1 -0.45200D-09     2 -0.41873D-09     3 -0.32259D-09     4 -0.17572D-09
    5  0.28894D-10     6  0.23814D+02     7  0.22056D+02     8  0.16983D+02
    9  0.92461D+01    10 -0.17572D-09    11  0.43739D+02    12  0.40511D+02
   13  0.31193D+02    14  0.16983D+02    15 -0.32259D-09    16  0.56804D+02
   17  0.52612D+02    18  0.40511D+02    19  0.22056D+02    20 -0.41873D-09
   21  0.61331D+02    22  0.56804D+02    23  0.43739D+02    24  0.23814D+02
   25 -0.45200D-09


 **** NODAL POTENTIALS FOR STEP  16  ****

 

 NODE     VALUE     NODE     VALUE     NODE     VALUE     NODE     VALUE
 
    1 -0.42403D-09     2 -0.39256D-09     3 -0.30194D-09     4 -0.16421D-09
    5  0.27008D-10     6  0.22338D+02     7  0.20677D+02     8  0.15897D+02
    9  0.86424D+01    10 -0.16421D-09    11  0.41089D+02    12  0.38033D+02
   13  0.29242D+02    14  0.15897D+02    15 -0.30194D-09    16  0.53442D+02
   17  0.49468D+02    18  0.38033D+02    19  0.20677D+02    20 -0.39256D-09
   21  0.57737D+02    22  0.53442D+02    23  0.41089D+02    24  0.22338D+02
   25 -0.42403D-09


 **** NODAL POTENTIALS FOR STEP  17  ****

 

 NODE     VALUE     NODE     VALUE     NODE     VALUE     NODE     VALUE
 
    1 -0.39793D-09     2 -0.36821D-09     3 -0.28286D-09     4 -0.15365D-09
    5  0.25275D-10     6  0.20962D+02     7  0.19393D+02     8  0.14894D+02
    9  0.80880D+01    10 -0.15365D-09    11  0.38600D+02    12  0.35712D+02
   13  0.27427D+02    14  0.14894D+02    15 -0.28286D-09    16  0.50261D+02
   17  0.46501D+02    18  0.35712D+02    19  0.19393D+02    20 -0.36821D-09
   21  0.54325D+02    22  0.50261D+02    23  0.38600D+02    24  0.20962D+02
   25 -0.39793D-09


 **** NODAL POTENTIALS FOR STEP  18  ****

 

 NODE     VALUE     NODE     VALUE     NODE     VALUE     NODE     VALUE
 
    1 -0.37353D-09     2 -0.34550D-09     3 -0.26517D-09     4 -0.14391D-09
    5  0.23676D-10     6  0.19675D+02     7  0.18197D+02     8  0.13963D+02
    9  0.75762D+01    10 -0.14391D-09    11  0.36261D+02    12  0.33537D+02
   13  0.25734D+02    14  0.13963D+02    15 -0.26517D-09    16  0.47256D+02
   17  0.43705D+02    18  0.33537D+02    19  0.18197D+02    20 -0.34550D-09
   21  0.51094D+02    22  0.47256D+02    23  0.36261D+02    24  0.19675D+02
   25 -0.37353D-09


 **** NODAL POTENTIALS FOR STEP  19  ****

 

 NODE     VALUE     NODE     VALUE     NODE     VALUE     NODE     VALUE
 
    1 -0.35069D-09     2 -0.32428D-09     3 -0.24872D-09     4 -0.13489D-09
    5  0.22193D-10     6  0.18471D+02     7  0.17079D+02     8  0.13097D+02
    9  0.71018D+01    10 -0.13489D-09    11  0.34064D+02    12  0.31497D+02
   13  0.24153D+02    14  0.13097D+02    15 -0.24872D-09    16  0.44421D+02
   17  0.41072D+02    18  0.31497D+02    19  0.17079D+02    20 -0.32428D-09
   21  0.48042D+02    22  0.44421D+02    23  0.34064D+02    24  0.18471D+02
   25 -0.35069D-09


 **** NODAL POTENTIALS FOR STEP  20  ****

 

 NODE     VALUE     NODE     VALUE     NODE     VALUE     NODE     VALUE
 
    1 -0.32929D-09     2 -0.30443D-09     3 -0.23337D-09     4 -0.12650D-09
    5  0.20815D-10     6  0.17344D+02     7  0.16033D+02     8  0.12289D+02
    9  0.66607D+01    10 -0.12650D-09    11  0.32000D+02    12  0.29582D+02
   13  0.22675D+02    14  0.12289D+02    15 -0.23337D-09    16  0.41749D+02
   17  0.38595D+02    18  0.29582D+02    19  0.16033D+02    20 -0.30443D-09
   21  0.45162D+02    22  0.41749D+02    23  0.32000D+02    24  0.17344D+02
   25 -0.32929D-09
