   10    2       NODAL GEOMETRY
    1   0.00000   1.00000   0.00000
    2   0.00000   0.00000   0.00000
    3   1.00000   1.00000   0.00000
    4   1.00000   0.00000   0.00000
    5   2.00000   1.00000   0.00000
    6   2.00000   0.00000   0.00000
    7   3.00000   1.00000   0.00000
    8   3.00000   0.00000   0.00000
    9   4.00000   1.00000   0.00000
   10   4.00000   0.00000   0.00000
    1    4    4
    1    2    1    3    4
    2    4    3    5    6
    3    6    5    7    8
    4    8    7    9   10
     0.3    6000000.          MATERIAL PROPERTIES
    2
    2                 NODE RESTRAINT INFO
    1    1    2
    2    1    2
    1       LOADING INFO
   10    0.0      -1.0
C***********************************************************************
