   25    2
    1   0.00000   0.00000   0.00000
    2   0.00000   1.00000   0.00000
    3   0.00000   2.00000   0.00000
    4   0.00000   3.00000   0.00000
    5   0.00000   4.00000   0.00000
    6   1.00000   0.00000   0.00000
    7   1.00000   1.00000   0.00000
    8   1.00000   2.00000   0.00000
    9   1.00000   3.00000   0.00000
   10   1.00000   4.00000   0.00000
   11   2.00000   0.00000   0.00000
   12   2.00000   1.00000   0.00000
   13   2.00000   2.00000   0.00000
   14   2.00000   3.00000   0.00000
   15   2.00000   4.00000   0.00000
   16   3.00000   0.00000   0.00000
   17   3.00000   1.00000   0.00000
   18   3.00000   2.00000   0.00000
   19   3.00000   3.00000   0.00000
   20   3.00000   4.00000   0.00000
   21   4.00000   0.00000   0.00000
   22   4.00000   1.00000   0.00000
   23   4.00000   2.00000   0.00000
   24   4.00000   3.00000   0.00000
   25   4.00000   4.00000   0.00000
    1   16    4
    1    1    2    7    6    0    0    0    0
    2    2    3    8    7    0    0    0    0
    3    3    4    9    8    0    0    0    0
    4    4    5   10    9    0    0    0    0
    5    6    7   12   11    0    0    0    0
    6    7    8   13   12    0    0    0    0
    7    8    9   14   13    0    0    0    0
    8    9   10   15   14    0    0    0    0
    9   11   12   17   16    0    0    0    0
   10   12   13   18   17    0    0    0    0
   11   13   14   19   18    0    0    0    0
   12   14   15   20   19    0    0    0    0
   13   16   17   22   21    0    0    0    0
   14   17   18   23   22    0    0    0    0
   15   18   19   24   23    0    0    0    0
   16   19   20   25   24    0    0    0    0
       1.0       1.0
    1
    9
    1       0.0
    2       0.0
    3       0.0
    4       0.0
    5       0.0
   10       0.0
   15       0.0
   20       0.0
   25       0.0
   16
    6     100.0
    7     100.0
    8     100.0
    9     100.0
   11     100.0
   12     100.0
   13     100.0
   14     100.0
   16     100.0
   17     100.0
   18     100.0
   19     100.0
   21     100.0
   22     100.0
   23     100.0
   24     100.0
   20       0.2       0.5

