   30    2
    1    0.0000    0.0000 700.00000
    2    0.0000    0.1000 700.00000
    3    0.0000    0.2000 700.00000
    4    0.0000    0.3000 700.00000
    5    0.0000    0.4000 700.00000
    6    0.0000    0.5000 700.00000
    7    0.1000    0.0000 700.00000
    8    0.1000    0.1000 700.00000
    9    0.1000    0.2000 700.00000
   10    0.1000    0.3000 700.00000
   11    0.1000    0.4000 700.00000
   12    0.1000    0.5000 700.00000
   13    0.2000    0.0000 700.00000
   14    0.2000    0.1000 700.00000
   15    0.2000    0.2000 700.00000
   16    0.2000    0.3000 700.00000
   17    0.2000    0.4000 700.00000
   18    0.2000    0.5000 700.00000
   19    0.3000    0.0000 700.00000
   20    0.3000    0.1000 700.00000
   21    0.3000    0.2000 700.00000
   22    0.3000    0.3000 700.00000
   23    0.3000    0.4000 700.00000
   24    0.3000    0.5000 700.00000
   25    0.4000    0.2000 700.00000
   26    0.5000    0.2000 700.00000
   27    0.4000    0.1000 700.00000
   28    0.5000    0.1000 700.00000
   29    0.4000    0.0000 700.00000
   30    0.5000    0.0000 700.00000
    1   19    4
    1    1    2    8    7
    2    2    3    9    8
    3    3    4   10    9
    4    4    5   11   10
    5    5    6   12   11
    6    7    8   14   13
    7    8    9   15   14
    8    9   10   16   15
    9   10   11   17   16
   10   11   12   18   17
   11   13   14   20   19
   12   14   15   21   20
   13   15   16   22   21
   14   16   17   23   22
   15   17   18   24   23
   16   21   25   27   20
   17   25   26   28   27
   18   20   27   29   19
   19   27   28   30   29
    1
    2
    1    6    2   24   23   22   21   25   26
    2   11    2   30   29   19   13    7    1    2    3    4    5    6
   0.04140   0.00105   0.00000   1.0D-10
 415.00000
