   39    2
    1    0.0000    0.0000
    2   30.0000    0.0000
    3   60.0000    0.0000
    4   90.0000    0.0000spy
    5  120.0000    0.0000
    6    0.0000   30.0000
    7   30.0000   30.0000
    8   60.0000   30.0000
    9   90.0000   30.0000
   10  120.0000   30.0000
   11    0.0000   60.0000
   12   30.0000   60.0000
   13   60.0000   60.0000
   14   90.0000   60.0000
   15  120.0000   60.0000
   16  150.0000    0.0000
   17  180.0000    0.0000
   18  150.0000   30.0000
   19  180.0000   30.0000
   20  150.0000   60.0000
   21  180.0000   60.0000
   22  120.0000   90.0000
   23  150.0000   90.0000
   24  180.0000   90.0000
   25  120.0000  120.0000
   26  150.0000  120.0000
   27  180.0000  120.0000
   28  120.0000  150.0000
   29  150.0000  150.0000
   30  180.0000  150.0000
   31  120.0000  180.0000
   32  150.0000  180.0000
   33  180.0000  180.0000
   34   30.0000   90.0000
   35   60.0000   90.0000
   36   90.0000   90.0000
   37   60.0000  120.0000
   38   90.0000  120.0000
   39   90.0000  150.0000
   56
    1    1    3    1    2    6
    2    1    3    2    7    6
    3    1    3    2    3    7
    4    1    3    3    8    7
    5    1    3    3    4    8
    6    1    3    4    9    8
    7    1    3    4    5    9
    8    1    3    5   10    9
    9    1    3    6    7   11
   10    1    3    7   12   11
   11    1    3    7    8   12
   12    1    3    8   13   12
   13    1    3    8    9   13
   14    1    3    9   14   13
   15    1    3    9   10   14
   16    1    3   10   15   14
   17    1    3    5   16   10
   18    1    3   16   18   10
   19    1    3   16   17   18
   20    1    3   17   19   18
   21    1    3   10   18   15
   22    1    3   18   20   15
   23    1    3   18   19   20
   24    1    3   19   21   20
   25    1    3   15   20   22
   26    1    3   20   23   22
   27    1    3   20   21   23
   28    1    3   21   24   23
   29    1    3   22   23   25
   30    1    3   23   26   25
   31    1    3   23   24   26
   32    1    3   24   27   26
   33    1    3   25   26   28
   34    1    3   26   29   28
   35    1    3   26   27   29
   36    1    3   27   30   29
   37    1    3   28   29   31
   38    1    3   29   32   31
   39    1    3   29   30   32
   40    1    3   30   33   32
   41    1    3   11   12   34
   42    1    3   12   35   34
   43    1    3   12   13   35
   44    1    3   13   36   35
   45    1    3   13   14   36
   46    1    3   14   22   36
   47    1    3   14   15   22
   48    1    3   34   35   37
   49    1    3   35   38   37
   50    1    3   35   36   38
   51    1    3   36   25   38
   52    1    3   36   22   25
   53    1    3   37   38   39
   54    1    3   38   28   39
   55    1    3   38   25   28
   56    1    3   39   28   31
      30.0    150.0
    1.48E3   -1.48E3
   10
    1    10.00
    6    10.00
   11    10.00
   17     0.00
   19     0.00
   21     0.00
   24     0.00
   27     0.00
   30     0.00
   33     0.00
   99   0.0001
123451234567890