   45    2
    1    0.0000    0.0000    0.0000
    2    0.0000    0.5000    0.0000
    3    0.0000    1.0000    0.0000
    4    0.0000    1.5000    0.0000
    5    0.0000    2.0000    0.0000
    6    0.6250    0.0000    0.0000
    7    0.5781    0.5000    0.0000
    8    0.5312    1.0000    0.0000
    9    0.4844    1.5000    0.0000
   10    0.4375    2.0000    0.0000
   11    1.2500    0.0000    0.0000
   12    1.1562    0.5000    0.0000
   13    1.0625    1.0000    0.0000
   14    0.9687    1.5000    0.0000
   15    0.8750    2.0000    0.0000
   16    1.8750    0.0000    0.0000
   17    1.7344    0.5000    0.0000
   18    1.5937    1.0000    0.0000
   19    1.4531    1.5000    0.0000
   20    1.3125    2.0000    0.0000
   21    2.5000    0.0000    0.0000
   22    2.3125    0.5000    0.0000
   23    2.1250    1.0000    0.0000
   24    1.9375    1.5000    0.0000
   25    1.7500    2.0000    0.0000
   26    2.6899    0.5863    0.0000
   27    2.5643    0.9397    0.0000
   28    2.4387    1.2931    0.0000
   29    2.3131    1.6466    0.0000
   30    2.1875    2.0000    0.0000
   31    3.0118    0.8728    0.0000
   32    2.9151    1.1546    0.0000
   33    2.8184    1.4364    0.0000
   34    2.7217    1.7182    0.0000
   35    2.6250    2.0000    0.0000
   36    3.2927    0.9783    0.0000
   37    3.2351    1.2337    0.0000
   38    3.1776    1.4891    0.0000
   39    3.1200    1.7446    0.0000
   40    3.0625    2.0000    0.0000
   41    3.5000    1.0000    0.0000
   42    3.5000    1.2500    0.0000
   43    3.5000    1.5000    0.0000
   44    3.5000    1.7500    0.0000
   45    3.5000    2.0000    0.0000
    1   32    4
    1    1    2    7    6
    2    2    3    8    7
    3    3    4    9    8
    4    4    5   10    9
    5    6    7   12   11
    6    7    8   13   12
    7    8    9   14   13
    8    9   10   15   14
    9   11   12   17   16
   10   12   13   18   17
   11   13   14   19   18
   12   14   15   20   19
   13   16   17   22   21
   14   17   18   23   22
   15   18   19   24   23
   16   19   20   25   24
   17   21   22   27   26
   18   22   23   28   27
   19   23   24   29   28
   20   24   25   30   29
   21   26   27   32   31
   22   27   28   33   32
   23   28   29   34   33
   24   29   30   35   34
   25   31   32   37   36
   26   32   33   38   37
   27   33   34   39   38
   28   34   35   40   39
   29   36   37   42   41
   30   37   38   43   42
   31   38   39   44   43
   32   39   40   45   44
    1
    2
    1    5    2   41   42   43   44   45
    2    5    2    1    2    3    4    5
